SET spark.sql.hive.version=0.13.1
SET spark.sql.parquet.filterPushdown=true
SET spark.sql.hive.convertMetastoreParquet=true
SET spark.sql.parquet.cacheMetadata=true
spark-sql> CREATE TEMPORARY FUNCTION DenseVectorUDF as 'com.guavus.densevectorudf.DenseVectorUDF'; CREATE TEMPORARY FUNCTION peakUDF as 'com.guavus.densevectorudf.PeakDenseVectorUDF'; CREATE TEMPORARY FUNCTION genericUDAF as 'com.guavus.densevectorudf.GenericDenseVectorUDAFResolver'; CREATE TEMPORARY FUNCTION averageUDF as 'com.guavus.densevectorudf.AverageDenseVectorUDF';use RC2_p71_db; select sourcesiteid, sourcesitetypeid, sourcesiteelementid, nfnameid, destsiteid, destsitetypeid, destsiteelementtypeid, isipv6, vrfid , timestamp, DenseVectorUDF(Downlinkbyte), DenseVectorUDF(uplinkbytebuffer), DenseVectorUDF(uplinkflowbuffer),  DenseVectorUDF(downlinkflowbuffer)  , DenseVectorUDF(uplinkcostbuffer), DenseVectorUDF(downlinkcostbuffer)from (select sourcesiteid, sourcesitetypeid, sourcesiteelementid, nfnameid, destsiteid, destsitetypeid, destsiteelementtypeid, isipv6, vrfid , timestamp, genericUDAF(downlinkbytebuffer) as Downlinkbyte, genericUDAF(uplinkbytebuffer) as  upLinkByteBuffer, genericUDAF(uplinkflowbuffer) as uplinkflowbuffer,  genericUDAF(downlinkflowbuffer) as downlinkflowbuffer , genericUDAF(uplinkcostbuffer) as  uplinkcostbuffer, genericUDAF(downlinkcostbuffer) as downlinkcostbuffer from  f_nrmca_60min_3600_siteflowdatacube where timestamp=1451192400 and sourcesiteid=18 and sourcesitetypeid=1 and destsitetypeid=1   group by sourcesiteid, sourcesitetypeid, sourcesiteelementid, nfnameid, destsiteid, destsitetypeid, destsiteelementtypeid, isipv6, vrfid , timestamp) T;
18	1	-1	16	6	1	-1	0	4	1451192400	[1.31E8,1.29E8,1.51E8,1.29E8,1.23E8,1.2E8,1.08E8,1.14E8,9.71E7,1.0E8,1.14E8,9.92E7]	[5.03E7,5.82E7,4.64E7,5.36E7,4.54E7,3.44E7,4.82E7,4.88E7,5.54E7,3.98E7,3.26E7,2.38E7]	[193000.0,201000.0,189000.0,192000.0,166000.0,164000.0,168000.0,176000.0,178000.0,156000.0,144000.0,119000.0]	[254000.0,244000.0,261000.0,238000.0,233000.0,225000.0,236000.0,228000.0,214000.0,206000.0,233000.0,194000.0]	[0.00497]	[0.0131]
18	1	-1	5	20	1	-1	0	2	1451192400	[5.65E7,1.011E8,1.37E8,2.24E8,8.68E7,1.74E8,8.19E7,1.59E8,1.13E8,1.46E8,1.23E8,1.56E8]	[354000.0,1070000.0,534000.0,926000.0,1220000.0,1120000.0,938000.0,816000.0,258000.0,54000.0,346000.0,681000.0]	[2.5,5.5,4.5,3.0,3.0,2.0,4.0,3.5,2.0,0.5,3.0,3.0]	[26000.0,57000.0,68000.0,86000.0,61000.0,64000.0,57000.0,61000.0,61000.0,56000.0,71000.0,69000.0]	[7.69E-5]	[0.0144]	000000D900000002
18	1	-1	-1	58	1	-1	0	2	1451192400	[3630000.0,5210000.0,5280000.0,1790000.0,5530000.0,3920000.0,2460000.0,3270000.0,2400000.0,3360000.0,1950000.0,3510000.0]	[3.06E7,1.88E7,1.91E7,2.33E7,1.64E7,2.34E7,1.8E7,1.88E7,1.47E7,1.7E7,1.34E7,2.16E7]	[14.5,11.0,10.5,12.5,12.5,13.0,12.5,10.5,9.0,9.5,8.0,13.5]	[6000.0,9000.0,8000.0,3000.0,8000.0,7000.0,5000.0,5000.0,3000.0,6000.0,4000.0,6000.0]	[0.00218]	[3.92E-4]	000000B4000000020000001B00000001000000B300000002
18	1	-1	-1	9	1	-1	0	2	1451192400	[2.98E9,2.67000013E9,2.71000013E9,2.56999987E9,2.79000013E9,2.43000013E9,2.19000013E9,2.58E9,2.55000013E9,2.6E9,2.56999987E9,2.02E9]	[6.96E7,5.61E7,5.54E7,5.9E7,6.01E7,5.67E7,6.83E7,5.67E7,4.71E7,6.09E7,5.4E7,4.93E7]	[258.0,246.0,250.0,260.0,240.0,242.0,256.0,245.0,212.0,1230.0,3220.0,225.0]	[2290000.0,2220000.0,2270000.0,2060000.0,2190000.0,2130000.0,2120000.0,2130000.0,2050000.0,2110000.0,2180000.0,1930000.0]	[0.00642]	[0.284]
18	1	-1	-1	30	1	-1	0	2	1451192400	[450000.0,259000.0,163000.0,657000.0,308000.0,102000.0,376000.0,152000.0,127000.0,0.0,562000.0,143000.0]	[1.5E7,6280000.0,1.42E7,4390000.0,1.5E7,7690000.0,403000.0,2160000.0,3730000.0,3280000.0,5730000.0,4310000.0]	[12000.0,5000.0,12000.0,4000.0,12000.0,7000.0,1000.0,2000.0,3000.0,3000.0,4000.0,3000.0]	[4000.0,2000.0,1000.0,2000.0,2000.0,1000.0,1000.0,1000.0,1000.0,0.0,4000.0,1000.0]	[7.61E-4]	[3.05E-5]
18	1	-1	22	50	1	-1	0	2	1451192400	[5640000.0,2790000.0,6970000.0,5570000.0,2790000.0,6880000.0,0.0,0.0,0.0,0.0,259000.0,0.0]	[821000.0,213000.0,388000.0,169000.0,236000.0,166000.0,46000.0,0.0,0.0,0.0,0.0,48000.0]	[4000.0,2000.0,4000.0,2000.0,2000.0,2000.0,1000.0,0.0,0.0,0.0,0.0,0.5]	[4000.0,2000.0,5000.0,4000.0,2000.0,5000.0,0.0,0.0,0.0,0.0,1000.0,0.0]	[1.93E-5]	[2.86E-4]
18	1	-1	22	15	1	-1	0	2	1451192400	[2130000.0,2510000.0,3310000.0,1800000.0,1440000.0,1100000.0,1580000.0,1160000.0,1470000.0,1930000.0,2670000.0,2410000.0]	[9.33E7,7.39E7,7.87E7,8.03E7,5.13E7,8.22E7,7.68E7,7.93E7,1.08E8,1.15E8,1.21E8,9.37E7]	[2510.0,8010.0,7000.0,6010.0,1500.0,4500.0,6500.0,3010.0,4010.0,9010.0,11000.0,9500.0]	[11500.0,13500.0,15000.0,12500.0,10000.0,8500.0,9000.0,10000.0,12500.0,16000.0,19500.0,13500.0]	[0.00976]	[2.18E-4]
18	1	-1	22	1	1	-1	0	2	1451192400	[6.71E8,5.24E8,6.91E8,7.93E8,8.16E8,6.44E8,5.74E8,4.38E8,5.02E8,5.29E8,4.96E8,5.33E8]	[1.16999997E10,9.3199995E9,9.0099999E9,1.10000005E10,1.16E10,9.6699996E9,6.72E9,4.5400003E9,5.8099999E9,4.68E9,4.23000013E9,4.6200003E9]	[466000.0,477000.0,471000.0,492000.0,451000.0,477000.0,490000.0,437000.0,436000.0,466000.0,514000.0,424000.0]	[169000.0,181000.0,207000.0,193000.0,180000.0,184000.0,190000.0,187000.0,205000.0,233000.0,281000.0,230000.0]	[0.86]	[0.0668]
18	1	-1	-1	51	1	-1	0	5	1451192400	[0.0,0.0,0.0,0.0,0.0,0.0,0.0,0.0,0.0,0.0,0.0,0.0]	[6370000.0,6720000.0,4580000.0,1600000.0,6490000.0,2760000.0,2560000.0,3370000.0,9330000.0,1.07E7,6150000.0,8580000.0]	[8.0,12.0,7.5,3.0,9.0,5.5,6.5,8.5,13.5,10.5,10.0,14.0]	[0.0,0.0,0.0,0.0,0.0,0.0,0.0,0.0,0.0,0.0,0.0,0.0]	[6.41E-4]	[0.0]
18	1	-1	-1	67	1	-1	0	2	1451192400	[2060000.0,3020000.0,1300000.0,657000.0,732000.0,0.0,668000.0,2060000.0,3340000.0,2210000.0,2710000.0,618000.0]	[7360000.0,4970000.0,7080000.0,1.2E7,5160000.0,4390000.0,5370000.0,7940000.0,9070000.0,5310000.0,8660000.0,8560000.0]	[5.0,1004.0,4.5,5.0,1003.0,4.5,5.5,1005.0,5.5,1004.0,6.5,1006.0]	[3000.0,4000.0,2000.0,1000.0,1000.0,0.0,1000.0,3000.0,5000.0,4000.0,4000.0,1000.0]	[7.95E-4]	[1.79E-4]
18	1	-1	16	11	1	-1	0	2	1451192400	[481000.0,1480000.0,1470000.0,1290000.0,835000.0,1680000.0,954000.0,1080000.0,882000.0,473000.0,557000.0,1170000.0]	[481000.0,1630000.0,399000.0,472000.0,361000.0,468000.0,456000.0,274000.0,334000.0,578000.0,96000.0,7540000.0]	[2000.0,5000.0,2000.0,2000.0,2000.0,3000.0,2000.0,2000.0,2000.0,2000.0,1000.0,6000.0]	[1000.0,3000.0,3000.0,3000.0,2000.0,4000.0,2000.0,2000.0,2000.0,1000.0,1000.0,4000.0]	[1.21E-4]	[1.14E-4]
18	1	-1	22	35	1	-1	0	1	1451192400	[0.0,0.0,0.0,0.0,0.0,0.0,0.0,0.0,0.0,0.0,0.0,0.0]	[1.28E7,1.32E7,8890000.0,5530000.0,5870000.0,8410000.0,5060000.0,1.1E7,8270000.0,1.14E7,1.05E7,1.008E7]	[38.0,31.0,28.0,22.0,14.0,26.0,28.0,31.0,29.0,40.0,41.0,33.0]	[0.0,0.0,0.0,0.0,0.0,0.0,0.0,0.0,0.0,0.0,0.0,0.0]	[0.00103]	[0.0]
18	1	-1	-1	13	1	-1	0	7	1451192400	[630000.0,2590000.0,3150000.0,0.0,0.0,3240000.0,657000.0,1250000.0,645000.0,3150000.0,1920000.0,642000.0]	[1680000.0,3260000.0,1420000.0,1090000.0,1680000.0,2540000.0,3330000.0,890000.0,722000.0,3210000.0,2920000.0,1360000.0]	[6.0,7.5,7.0,4.0,6.5,7.5,9.5,4.0,7.0,8.5,8.0,5.0]	[1000.0,4000.0,5000.0,0.0,0.0,5000.0,1000.0,2000.0,1000.0,5000.0,3000.0,1000.0]	[2.23E-4]	[1.66E-4]
18	1	-1	-1	39	1	-1	0	2	1451192400	[0.0,116000.0,232000.0,0.0,116000.0,232000.0,0.0,348000.0,580000.0,0.0,0.0,0.0]	[0.0,0.0,0.0,0.0,0.0,0.0,0.0,0.0,0.0,0.0,0.0,0.0]	[0.0,0.0,0.0,0.0,0.0,0.0,0.0,0.0,0.0,0.0,0.0,0.0]	[0.0,1000.0,2000.0,0.0,1000.0,2000.0,0.0,3000.0,5000.0,0.0,0.0,0.0]	[0.0]	[1.5E-5]
18	1	-1	-1	12772	1	-1	0	2	1451192400	[0.0,0.0,0.0,0.0,0.0,0.0,0.0,0.0,0.0,0.0,0.0,0.0]	[214000.0,255000.0,148000.0,98000.0,259000.0,51500.0,118000.0,161000.0,165000.0,212000.0,0.0,171000.0]	[2.0,2.5,1.5,1.0,2.5,0.5,1.0,1.5,1.5,2.0,0.0,1.5]	[0.0,0.0,0.0,0.0,0.0,0.0,0.0,0.0,0.0,0.0,0.0,0.0]	[1.71E-5]	[0.0]
18	1	-1	-1	20	1	-1	0	7	1451192400	[5810000.0,4980000.0,3970000.0,1930000.0,2910000.0,2930000.0,3860000.0,3860000.0,2000000.0,3690000.0,3940000.0,2950000.0]	[3010000.0,5860000.0,4630000.0,4390000.0,5940000.0,7130000.0,5820000.0,3100000.0,3490000.0,4280000.0,5020000.0,3460000.0]	[9.5,11.0,13.5,10.5,12.5,11.5,8.5,8.0,12.5,13.0,10.0,9.5]	[6000.0,5000.0,4000.0,2000.0,3000.0,3000.0,4000.0,4000.0,2000.0,4000.0,4000.0,3000.0]	[5.2E-4]	[3.96E-4]
18	1	-1	-1	25	1	-1	0	2	1451192400	[580000.0,232000.0,232000.0,580000.0,464000.0,176000.0,0.0,464000.0,72000.0,72000.0,0.0,0.0]	[0.0,0.0,0.0,0.0,0.0,0.0,0.0,0.0,0.0,0.0,0.0,0.0]	[0.0,0.0,0.0,0.0,0.0,0.0,0.0,0.0,0.0,0.0,0.0,0.0]	[5000.0,2000.0,2000.0,5000.0,4000.0,2000.0,0.0,4000.0,1000.0,1000.0,0.0,0.0]	[0.0]	[2.66E-5]
18	1	-1	22	24	1	-1	0	2	1451192400	[0.0,0.0,0.0,0.0,0.0,0.0,0.0,0.0,0.0,0.0,0.0,0.0]	[3100000.0,210000.0,773000.0,1160000.0,135000.0,2130000.0,2960000.0,4770000.0,1730000.0,0.0,1470000.0,0.0]	[3000.0,1000.0,1.0,1002.0,1001.0,1001.0,3000.0,4000.0,2000.0,0.0,2000.0,0.0]	[0.0,0.0,0.0,0.0,0.0,0.0,0.0,0.0,0.0,0.0,0.0,0.0]	[1.71E-4]	[0.0]
18	1	-1	22	10	1	-1	0	2	1451192400	[9.93E8,9.27E8,9.17E8,1.59E9,6.34E8,5.44E8,6.3E8,1.34E9,4.98E8,3.93E8,5.04E8,6.25E8]	[1.24E10,1.31000003E10,1.28E10,1.10000005E10,9.5399997E9,9.44E9,6.8499999E9,6.6899999E9,7.3699999E9,6.0E9,6.56E9,5.9100001E9]	[487000.0,461000.0,459000.0,438000.0,437000.0,445000.0,375000.0,382000.0,388000.0,368000.0,453000.0,419000.0]	[202000.0,190000.0,178000.0,173000.0,203000.0,213000.0,181000.0,170000.0,183000.0,176000.0,194000.0,197000.0]	[0.997]	[0.0888]
18	1	-1	-1	3	1	-1	0	1	1451192400	[0.0,0.0,0.0,0.0,0.0,0.0,0.0,0.0,0.0,0.0,0.0,0.0]	[0.0,0.0,0.0,0.0,0.0,0.0,0.0,0.0,0.0,0.0,41000.0,0.0]	[0.0,0.0,0.0,0.0,0.0,0.0,0.0,0.0,0.0,0.0,1.0,0.0]	[0.0,0.0,0.0,0.0,0.0,0.0,0.0,0.0,0.0,0.0,0.0,0.0]	[3.8E-7]	[0.0]
18	1	-1	16	34	1	-1	0	2	1451192400	[1.29E8,1.3E8,1.43E8,1.76E8,1.56E8,1.29E8,1.29E8,1.29E8,1.15E8,1.15E8,1.1E8,1.11E8]	[9.24E8,9.25E8,1.14E9,1.52E9,1.26E9,8.55E8,8.77E8,9.28E8,8.2E8,8.49E8,8.02E8,8.15E8]	[144000.0,137000.0,168000.0,209000.0,193000.0,158000.0,148000.0,150000.0,132000.0,146000.0,163000.0,142000.0]	[60000.0,52000.0,73000.0,73000.0,74000.0,66000.0,58000.0,65000.0,53000.0,63000.0,67000.0,55000.0]	[0.109]	[0.0145]
18	1	-1	-1	24	1	-1	0	1	1451192400	[0.0,0.0,0.0,0.0,0.0,0.0,0.0,0.0,0.0,0.0,0.0,0.0]	[1530000.0,5030000.0,1450000.0,4460000.0,5490000.0,2190000.0,3680000.0,1610000.0,1520000.0,4820000.0,6240000.0,2370000.0]	[15.0,12.0,10.0,18.0,15.0,9.0,10.0,7.0,4.0,19.0,12.0,8.0]	[0.0,0.0,0.0,0.0,0.0,0.0,0.0,0.0,0.0,0.0,0.0,0.0]	[3.74E-4]	[0.0]
18	1	-1	1	37	1	-1	0	2	1451192400	[708000.0,144000.0,547000.0,638000.0,447000.0,273000.0,1700000.0,1410000.0,307000.0,577000.0,441000.0,313000.0]	[1040000.0,2640000.0,3470000.0,2930000.0,1640000.0,1170000.0,1870000.0,2860000.0,1360000.0,1360000.0,1810000.0,1390000.0]	[6.5,2010.0,2010.0,7.5,1005.0,2000.0,1005.0,6.5,4.0,4.5,2010.0,4.5]	[3000.0,1000.0,2000.0,2000.0,2000.0,1000.0,6000.0,5000.0,1000.0,2000.0,2000.0,1000.0]	[2.18E-4]	[6.95E-5]
18	1	-1	-1	76	1	-1	0	2	1451192400	[3.02E8,2.78E8,3.07E8,2.82E8,2.97E8,3.23E8,2.88E8,2.87E8,2.87E8,2.82E8,2.87E8,2.5E8]	[1090000.0,1560000.0,846000.0,1390000.0,925000.0,1018000.0,901000.0,861000.0,1470000.0,1220000.0,702000.0,646000.0]	[14.0,18.0,11.0,18.0,14.5,12.0,14.5,12.5,18.5,14.0,11.0,9.5]	[469000.0,437000.0,472000.0,441000.0,463000.0,485000.0,447000.0,447000.0,453000.0,445000.0,443000.0,388000.0]	[1.17E-4]	[0.0321]
18	1	-1	16	20	1	-1	0	2	1451192400	[3.58E9,3.51000013E9,3.64E9,3.52E9,3.36E9,3.60999987E9,3.68E9,3.64E9,3.3E9,2.87000013E9,3.15000013E9,3.59000013E9]	[3.91000013E9,3.16E9,2.82E9,2.94E9,2.48E9,2.28E9,2.66E9,2.28E9,2.2E9,2.05E9,2.06E9,2.42E9]	[1260000.0,1230000.0,1260000.0,1250000.0,1180000.0,1190000.0,1220000.0,1180000.0,1190000.0,1160000.0,1290000.0,1150000.0]	[476000.0,466000.0,499000.0,488000.0,469000.0,465000.0,479000.0,475000.0,482000.0,483000.0,540000.0,492000.0]	[0.289]	[0.384]
18	1	-1	-1	32	1	-1	0	5	1451192400	[0.0,0.0,0.0,0.0,0.0,0.0,0.0,0.0,0.0,0.0,0.0,0.0]	[2670000.0,3490000.0,4360000.0,4910000.0,2300000.0,0.0,654000.0,0.0,0.0,0.0,0.0,0.0]	[4.0,3.5,3.0,4.0,2.0,0.0,1.5,0.0,0.0,0.0,0.0,0.0]	[0.0,0.0,0.0,0.0,0.0,0.0,0.0,0.0,0.0,0.0,0.0,0.0]	[1.7E-4]	[0.0]
18	1	-1	22	9	1	-1	0	1	1451192400	[0.0,0.0,0.0,0.0,0.0,0.0,0.0,0.0,0.0,0.0,0.0,0.0]	[2.69E7,3.15E7,3.2E7,2.18E7,2.39E7,2.25E7,2.54E7,1.26E7,1.42E7,2.07E7,1.49E7,2.46E7]	[77.0,84.0,73.0,72.0,75.0,56.0,67.0,46.0,52.0,58.0,47.0,55.0]	[0.0,0.0,0.0,0.0,0.0,0.0,0.0,0.0,0.0,0.0,0.0,0.0]	[0.00251]	[0.0]
18	1	-1	-1	12765	1	-1	0	5	1451192400	[0.0,0.0,0.0,0.0,0.0,0.0,0.0,0.0,0.0,0.0,0.0,0.0]	[28500.0,0.0,0.0,72000.0,29500.0,66000.0,0.0,0.0,209000.0,0.0,31500.0,0.0]	[0.5,0.0,0.0,1.0,0.5,1.0,0.0,0.0,1.0,0.0,0.5,0.0]	[0.0,0.0,0.0,0.0,0.0,0.0,0.0,0.0,0.0,0.0,0.0,0.0]	[4.04E-6]	[0.0]
18	1	-1	-1	43	1	-1	0	7	1451192400	[0.0,0.0,0.0,0.0,0.0,0.0,104000.0,0.0,0.0,0.0,0.0,0.0]	[0.0,0.0,0.0,0.0,0.0,0.0,0.0,0.0,0.0,0.0,0.0,92000.0]	[0.0,0.0,0.0,0.0,0.0,0.0,0.0,0.0,0.0,0.0,0.0,0.5]	[0.0,0.0,0.0,0.0,0.0,0.0,1000.0,0.0,0.0,0.0,0.0,0.0]	[8.52E-7]	[9.63E-7]
18	1	-1	10	9	1	-1	0	2	1451192400	[5.17E7,5.02E7,4.78E7,4.44E7,4.43E7,4.33E7,4.63E7,4.4E7,4.5E7,4.46E7,4.48E7,4.25E7]	[1.61E8,1.59E8,1.5E8,1.59E8,1.55E8,1.48E8,1.5E8,1.57E8,1.44E8,1.45E8,1.47E8,1.46E8]	[275.0,276.0,271.0,278.0,286.0,275.0,277.0,283.0,280.0,279.0,276.0,297.0]	[709000.0,685000.0,651000.0,606000.0,608000.0,595000.0,637000.0,608000.0,619000.0,616000.0,624000.0,586000.0]	[0.0169]	[0.00508]
18	1	-1	4	12	1	-1	0	2	1451192400	[112000.0,0.0,0.0,0.0,112000.0,0.0,0.0,0.0,0.0,0.0,0.0,0.0]	[0.0,0.0,0.0,0.0,0.0,0.0,0.0,0.0,0.0,0.0,0.0,0.0]	[0.0,0.0,0.0,0.0,0.0,0.0,0.0,0.0,0.0,0.0,0.0,0.0]	[1000.0,0.0,0.0,0.0,1000.0,0.0,0.0,0.0,0.0,0.0,0.0,0.0]	[0.0]	[2.07E-6]
18	1	-1	-1	13	1	-1	0	2	1451192400	[0.0,0.0,232000.0,0.0,116000.0,116000.0,116000.0,0.0,0.0,0.0,232000.0,0.0]	[0.0,0.0,0.0,0.0,0.0,0.0,0.0,0.0,0.0,0.0,0.0,0.0]	[0.0,0.0,0.0,0.0,0.0,0.0,0.0,0.0,0.0,0.0,0.0,0.0]	[0.0,0.0,2000.0,0.0,1000.0,1000.0,1000.0,0.0,0.0,0.0,2000.0,0.0]	[0.0]	[7.52E-6]
18	1	-1	-1	34	1	-1	0	2	1451192400	[0.0,4980000.0,2720000.0,2170000.0,862000.0,825000.0,359000.0,0.0,4670000.0,1090000.0,0.0,1460000.0]	[552000.0,906000.0,799000.0,698000.0,665000.0,842000.0,354000.0,375000.0,363000.0,678000.0,570000.0,632000.0]	[9.5,12.0,10.0,11.0,10.0,10.5,5.5,5.5,5.5,9.5,7.0,9.5]	[0.0,7000.0,4000.0,3000.0,1000.0,1000.0,1000.0,0.0,8000.0,3000.0,0.0,2000.0]	[6.88E-5]	[1.77E-4]
18	1	-1	-1	107	1	-1	0	3	1451192400	[0.0,0.0,0.0,0.0,0.0,0.0,0.0,0.0,0.0,0.0,0.0,0.0]	[139000.0,218000.0,158000.0,357000.0,218000.0,139000.0,218000.0,376000.0,199000.0,60000.0,237000.0,259000.0]	[2.0,3.0,2.0,5.0,3.0,2.0,3.0,4.0,3.0,1.0,3.0,4.0]	[0.0,0.0,0.0,0.0,0.0,0.0,0.0,0.0,0.0,0.0,0.0,0.0]	[2.39E-5]	[0.0]
18	1	-1	-1	20	1	-1	0	2	1451192400	[5.2100002E10,4.9899999E10,4.4400001E10,4.32E10,4.5700002E10,5.0900001E10,4.7700001E10,4.6599999E10,4.7099998E10,4.65E10,4.6699999E10,4.7300002E10]	[7.62E8,6.78E8,6.73E8,6.74E8,6.41E8,6.54E8,6.13E8,6.09E8,6.21E8,6.0E8,6.12E8,5.67E8]	[1290.0,1220.0,1180.0,1200.0,1200.0,1190.0,1190.0,1180.0,1180.0,1160.0,1190.0,1160.0]	[7140000.0,6900000.0,6890000.0,6960000.0,6960000.0,6890000.0,7100000.0,6830000.0,6640000.0,6520000.0,6830000.0,6450000.0]	[0.0714]	[5.26]
18	1	-1	22	33	1	-1	0	2	1451192400	[0.0,0.0,0.0,0.0,0.0,0.0,0.0,0.0,0.0,0.0,0.0,0.0]	[92000.0,0.0,179000.0,0.0,0.0,0.0,0.0,0.0,90000.0,0.0,0.0,0.0]	[1000.0,0.0,2000.0,0.0,0.0,0.0,0.0,0.0,1000.0,0.0,0.0,0.0]	[0.0,0.0,0.0,0.0,0.0,0.0,0.0,0.0,0.0,0.0,0.0,0.0]	[3.34E-6]	[0.0]
18	1	-1	16	78	1	-1	0	2	1451192400	[6080000.0,8560000.0,5660000.0,1.018E7,5520000.0,6080000.0,5220000.0,9130000.0,8440000.0,1.17E7,1.17E7,1.001E7]	[317000.0,402000.0,1050000.0,463000.0,379000.0,567000.0,744000.0,607000.0,790000.0,271000.0,715000.0,735000.0]	[2000.0,3000.0,7000.0,4000.0,4000.0,5000.0,8000.0,6000.0,8000.0,3000.0,7000.0,7000.0]	[8000.0,11000.0,7000.0,13000.0,7000.0,8000.0,7000.0,12000.0,11000.0,15000.0,15000.0,12000.0]	[6.52E-5]	[9.1E-4]
18	1	-1	22	40	1	-1	0	2	1451192400	[2.62E8,3.91E8,4.4E8,2.42E8,2.88E8,2.46E8,3.1E8,2.3E8,1.52E9,3.06E8,3.21E8,3.24E8]	[4.5100001E9,5.6499999E9,4.52E9,3.76E9,4.12999987E9,3.46E9,4.3900001E9,2.98E9,3.80999987E9,5.4200003E9,5.4899999E9,5.5699999E9]	[263000.0,246000.0,233000.0,240000.0,219000.0,191000.0,211000.0,211000.0,225000.0,211000.0,231000.0,191000.0]	[123000.0,123000.0,121000.0,124000.0,116000.0,97000.0,111000.0,118000.0,171000.0,141000.0,130000.0,110000.0]	[0.497]	[0.0452]
18	1	-1	16	43	1	-1	0	2	1451192400	[6820000.0,6450000.0,1.018E7,3.93E7,1.36E7,5.26E7,9450000.0,6810000.0,3970000.0,2.83E7,1.95E7,7.72E7]	[8770000.0,1.25E7,8690000.0,1.98E7,9360000.0,1.22E7,4.26E7,5520000.0,3070000.0,3.6E8,1.23E8,2.44E7]	[21000.0,25000.0,26000.0,43000.0,24000.0,37000.0,37000.0,18000.0,15000.0,32000.0,36000.0,46000.0]	[33000.0,37000.0,45000.0,59000.0,36000.0,51000.0,44000.0,35000.0,26000.0,41000.0,48000.0,58000.0]	[0.00582]	[0.00254]
18	1	-1	-1	69	1	-1	0	5	1451192400	[0.0,0.0,0.0,0.0,0.0,0.0,0.0,0.0,0.0,0.0,0.0,0.0]	[8190000.0,1.08E7,7770000.0,5960000.0,3480000.0,4200000.0,3260000.0,443000.0,2880000.0,2070000.0,2690000.0,1800000.0]	[7.5,10.0,6.5,6.0,6.0,5.5,5.5,1.5,4.5,3.0,2.0,1.5]	[0.0,0.0,0.0,0.0,0.0,0.0,0.0,0.0,0.0,0.0,0.0,0.0]	[4.96E-4]	[0.0]
18	1	-1	-1	55	1	-1	0	5	1451192400	[0.0,0.0,0.0,0.0,0.0,0.0,0.0,0.0,0.0,0.0,0.0,0.0]	[2840000.0,6080000.0,5170000.0,5440000.0,1080000.0,632000.0,1080000.0,0.0,277000.0,512000.0,0.0,0.0]	[3.0,4.5,3.5,4.0,3.0,2.0,2.0,0.0,0.5,1.0,0.0,0.0]	[0.0,0.0,0.0,0.0,0.0,0.0,0.0,0.0,0.0,0.0,0.0,0.0]	[2.14E-4]	[0.0]
18	1	-1	-1	9	1	-1	0	3	1451192400	[662000.0,1340000.0,938000.0,880000.0,1021000.0,872000.0,451000.0,1160000.0,1060000.0,825000.0,764000.0,539000.0]	[2880000.0,2530000.0,3230000.0,2390000.0,3040000.0,2860000.0,2450000.0,2310000.0,2160000.0,2520000.0,2340000.0,2170000.0]	[20.0,22.0,19.0,22.0,24.5,21.0,15.5,20.5,17.5,22.0,21.0,22.0]	[9000.0,18000.0,14000.0,11000.0,13000.0,12000.0,7000.0,15000.0,18000.0,11000.0,10000.0,8000.0]	[2.86E-4]	[9.73E-5]
18	1	-1	-1	30	1	-1	0	3	1451192400	[0.0,0.0,703000.0,0.0,600000.0,0.0,0.0,0.0,0.0,0.0,0.0,0.0]	[223000.0,0.0,140000.0,815000.0,216000.0,0.0,298000.0,0.0,0.0,151000.0,0.0,0.0]	[0.5,0.0,0.5,1.0,0.5,0.0,0.5,0.0,0.0,0.5,0.0,0.0]	[0.0,0.0,1000.0,0.0,1000.0,0.0,0.0,0.0,0.0,0.0,0.0,0.0]	[1.71E-5]	[1.21E-5]
18	1	-1	-1	57	1	-1	0	2	1451192400	[116000.0,0.0,0.0,116000.0,116000.0,0.0,0.0,0.0,260000.0,0.0,0.0,0.0]	[0.0,0.0,0.0,0.0,0.0,0.0,0.0,0.0,0.0,0.0,0.0,0.0]	[0.0,0.0,0.0,0.0,0.0,0.0,0.0,0.0,0.0,0.0,0.0,0.0]	[1000.0,0.0,0.0,1000.0,1000.0,0.0,0.0,0.0,3000.0,0.0,0.0,0.0]	[0.0]	[5.63E-6]
18	1	-1	-1	27	1	-1	0	5	1451192400	[0.0,0.0,0.0,0.0,0.0,0.0,0.0,0.0,0.0,0.0,0.0,0.0]	[9880000.0,6710000.0,6240000.0,2190000.0,5940000.0,2880000.0,1440000.0,1140000.0,4210000.0,1800000.0,683000.0,2690000.0]	[10.5,10.5,8.5,7.5,8.5,4.0,1.5,3.0,7.0,5.0,1.5,5.5]	[0.0,0.0,0.0,0.0,0.0,0.0,0.0,0.0,0.0,0.0,0.0,0.0]	[4.24E-4]	[0.0]
18	1	-1	-1	17	1	-1	0	7	1451192400	[43000.0,2880000.0,44000.0,0.0,0.0,45000.0,132000.0,0.0,0.0,44000.0,45000.0,0.0]	[1.61E7,1.16E7,1.43E7,1.43E7,1.28E7,1.58E7,1.8E7,1.58E7,1.05E7,1.88E7,1.2E7,1.35E7]	[2.5,5.0,2.5,2.5,2.5,2.5,2.5,2.5,2.5,2.5,3.0,2.5]	[1000.0,1000.0,1000.0,0.0,0.0,1000.0,3000.0,0.0,0.0,1000.0,1000.0,0.0]	[0.00161]	[2.99E-5]
18	1	-1	-1	43	1	-1	0	2	1451192400	[0.0,0.0,0.0,0.0,0.0,0.0,0.0,0.0,0.0,0.0,0.0,0.0]	[0.0,0.0,178000.0,0.0,26000.0,0.0,0.0,0.0,178000.0,0.0,26000.0,0.0]	[0.0,0.0,0.5,0.0,0.5,0.0,0.0,0.0,0.5,0.0,0.5,0.0]	[0.0,0.0,0.0,0.0,0.0,0.0,0.0,0.0,0.0,0.0,0.0,0.0]	[3.78E-6]	[0.0]
18	1	-1	-1	38	1	-1	0	7	1451192400	[527000.0,0.0,0.0,0.0,0.0,0.0,0.0,0.0,0.0,446000.0,0.0,0.0]	[228000.0,26000.0,228000.0,78000.0,52000.0,176000.0,202000.0,104000.0,254000.0,176000.0,202000.0,0.0]	[1.5,0.5,1.0,1.5,1.0,0.5,1.0,2.0,2.0,0.5,1.0,0.0]	[1000.0,0.0,0.0,0.0,0.0,0.0,0.0,0.0,0.0,1000.0,0.0,0.0]	[1.6E-5]	[9.01E-6]
18	1	-1	-1	8	1	-1	0	2	1451192400	[835000.0,1150000.0,1230000.0,1150000.0,1170000.0,878000.0,1340000.0,1040000.0,1140000.0,1040000.0,1023000.0,757000.0]	[2.57E7,2.55E7,1.98E7,2.2E7,2.38E7,2.28E7,2.27E7,2.12E7,2.43E7,2.42E7,2.0E7,2.28E7]	[18000.0,18000.0,14000.0,16000.0,17000.0,16000.0,16000.0,15000.0,17000.0,17000.0,14000.0,16000.0]	[8000.0,12000.0,13000.0,11000.0,12000.0,9000.0,13000.0,10000.0,12000.0,11000.0,11000.0,8000.0]	[0.00254]	[1.18E-4]
18	1	-1	-1	29	1	-1	0	2	1451192400	[2320000.0,3870000.0,2280000.0,1550000.0,2300000.0,1530000.0,772000.0,2260000.0,0.0,1520000.0,2310000.0,1510000.0]	[4200000.0,6510000.0,1670000.0,2460000.0,7240000.0,2650000.0,3630000.0,3680000.0,4480000.0,5720000.0,1280000.0,5390000.0]	[3.5,2.5,2.5,2.0,3.5,3.0,3.5,3.5,2.5,3.5,3.0,3.0]	[3000.0,5000.0,3000.0,2000.0,3000.0,2000.0,1000.0,3000.0,0.0,2000.0,3000.0,2000.0]	[4.53E-4]	[2.06E-4]
18	1	-1	-1	24	1	-1	0	7	1451192400	[0.0,0.0,0.0,0.0,0.0,0.0,0.0,0.0,0.0,952000.0,0.0,474000.0]	[0.0,78000.0,26000.0,0.0,404000.0,52000.0,78000.0,26000.0,104000.0,228000.0,26000.0,104000.0]	[0.0,1.5,0.5,0.0,2.0,1.0,1.0,0.5,2.0,1.0,0.5,2.0]	[0.0,0.0,0.0,0.0,0.0,0.0,0.0,0.0,0.0,2000.0,0.0,1000.0]	[1.04E-5]	[1.32E-5]
18	1	-1	22	35	1	-1	0	2	1451192400	[5.86E8,1.32E9,1.87E9,1.003E9,6.48E8,6.1E8,6.5E8,5.44E8,6.36E8,6.36E8,5.76E8,7.63E8]	[5.32E9,7.28E9,7.4499999E9,5.12E9,6.5900001E9,6.8099999E9,7.1800003E9,5.4099999E9,5.7500001E9,7.1000003E9,6.8999997E9,6.0499999E9]	[240000.0,247000.0,241000.0,245000.0,238000.0,235000.0,243000.0,231000.0,235000.0,235000.0,260000.0,235000.0]	[1040000.0,1140000.0,1160000.0,1008000.0,943000.0,894000.0,895000.0,911000.0,866000.0,854000.0,965000.0,978000.0]	[0.713]	[0.0911]
18	1	-1	16	38	1	-1	0	2	1451192400	[3.82E9,4.28999987E9,3.88999987E9,4.3399997E9,4.32E9,3.86E9,3.67000013E9,3.44999987E9,3.38E9,3.87000013E9,3.44999987E9,3.06E9]	[2.55000003E10,2.49999995E10,2.42999992E10,2.37000008E10,2.17999995E10,2.10999992E10,2.4E10,2.16E10,2.2000001E10,2.1199999E10,1.9599999E10,2.0E10]	[459000.0,470000.0,473000.0,478000.0,457000.0,515000.0,506000.0,497000.0,480000.0,487000.0,564000.0,476000.0]	[231000.0,235000.0,240000.0,249000.0,237000.0,244000.0,239000.0,244000.0,241000.0,255000.0,257000.0,231000.0]	[2.5]	[0.421]
18	1	-1	1	6	1	-1	0	2	1451192400	[1.66E7,1.66E7,1.6E7,1.56E7,1.62E7,1.71E7,1.55E7,1.48E7,1.46E7,1.4E7,1.47E7,1.59E7]	[312000.0,364000.0,140000.0,26000.0,310000.0,1530000.0,282000.0,550000.0,78000.0,168000.0,846000.0,804000.0]	[1001.0,1002.0,0.5,0.5,1001.0,1.5,1.0,1.0,1.0,1.0,1002.0,2.0]	[37000.0,37000.0,36000.0,37000.0,34000.0,40000.0,37000.0,35000.0,36000.0,33000.0,35000.0,36000.0]	[5.01E-5]	[0.00174]
18	1	-1	16	3	1	-1	0	2	1451192400	[4.1E9,3.23000013E9,3.38E9,2.52999987E9,2.92E9,3.40999987E9,2.52999987E9,2.28E9,2.44E9,2.47000013E9,3.31000013E9,2.8E9]	[1.18E9,1.12E9,1.32E9,1.53E9,1.5E9,1.82E9,2.20999987E9,2.24999987E9,2.22E9,2.24999987E9,2.26E9,2.52999987E9]	[1280000.0,1170000.0,1160000.0,1130000.0,1120000.0,1090000.0,1120000.0,1090000.0,1080000.0,1110000.0,1110000.0,1012000.0]	[497000.0,511000.0,551000.0,485000.0,501000.0,483000.0,503000.0,470000.0,470000.0,463000.0,470000.0,453000.0]	[0.205]	[0.328]
18	1	-1	22	27	1	-1	0	1	1451192400	[0.0,0.0,0.0,0.0,0.0,0.0,0.0,0.0,0.0,0.0,0.0,0.0]	[5.79E7,5.6E7,4.9E7,1.78E8,7.39E7,4.75E7,6.21E7,6.4E7,7.09E7,5.68E7,5.3E7,4.83E7]	[154.0,149.0,139.0,139.0,145.0,140.0,152.0,143.0,143.0,135.0,125.0,114.0]	[0.0,0.0,0.0,0.0,0.0,0.0,0.0,0.0,0.0,0.0,0.0,0.0]	[0.00757]	[0.0]
18	1	-1	1	27	1	-1	0	2	1451192400	[0.0,0.0,45000.0,0.0,45000.0,0.0,42000.0,0.0,0.0,0.0,0.0,0.0]	[31000.0,0.0,13000.0,0.0,0.0,13000.0,0.0,0.0,62000.0,34000.0,0.0,0.0]	[0.25,0.0,0.25,0.0,0.0,0.25,0.0,0.0,0.5,0.25,0.0,0.0]	[0.0,0.0,0.25,0.0,0.25,0.0,0.25,0.0,0.0,0.0,0.0,0.0]	[1.42E-6]	[1.22E-6]
18	1	-1	16	24	1	-1	0	2	1451192400	[0.0,0.0,0.0,0.0,0.0,0.0,0.0,0.0,0.0,0.0,0.0,0.0]	[1.96E9,1.27E9,1.012E9,1.13E9,1.04E9,9.68E8,1.24E9,8.24E8,1.31E9,1.23E9,1.016E9,1.45E9]	[579000.0,556000.0,521000.0,514000.0,476000.0,500000.0,478000.0,457000.0,471000.0,430000.0,457000.0,440000.0]	[0.0,0.0,0.0,0.0,0.0,0.0,0.0,0.0,0.0,0.0,0.0,0.0]	[0.134]	[0.0]
18	1	-1	10	27	1	-1	0	2	1451192400	[2.01E7,1.79E7,1.93E7,1.96E7,1.89E7,1.78E7,1.89E7,1.86E7,1.74E7,1.71E7,1.67E7,1.67E7]	[6.76E7,6.51E7,6.73E7,6.67E7,6.44E7,6.66E7,6.47E7,5.85E7,6.04E7,6.03E7,5.51E7,6.05E7]	[236.0,230.0,235.0,247.0,236.0,238.0,244.0,237.0,237.0,244.0,244.0,244.0]	[113000.0,92000.0,104000.0,108000.0,87600.0,94000.0,95000.0,93000.0,95500.0,80500.0,83000.0,94500.0]	[0.00701]	[0.00203]
18	1	-1	16	10	1	-1	0	2	1451192400	[2.76E8,6.18E8,4.47E8,7.14E8,3.69E8,4.03E8,3.41E8,9.4E7,6.6E8,1.84E7,2.96E7,1.51E8]	[3.24E8,5.34E8,6.08E8,2.73E8,8.22E7,8.61E7,1.14E8,2.64E8,1.94E8,6.96E7,5.62E7,6.19E7]	[150000.0,184000.0,221000.0,162000.0,126000.0,116000.0,103000.0,107000.0,115000.0,71000.0,72000.0,105000.0]	[111000.0,147000.0,163000.0,153000.0,108000.0,105000.0,87000.0,95000.0,109000.0,48000.0,75000.0,84000.0]	[0.0247]	[0.0382]
18	1	-1	6	12	1	-1	0	2	1451192400	[0.0,0.0,0.0,110000.0,0.0,0.0,0.0,0.0,0.0,0.0,0.0,0.0]	[0.0,0.0,386000.0,60000.0,0.0,0.0,0.0,60500.0,0.0,72500.0,0.0,0.0]	[0.0,0.0,0.5,0.5,0.0,0.0,0.0,0.5,0.0,0.5,0.0,0.0]	[0.0,0.0,0.0,1000.0,0.0,0.0,0.0,0.0,0.0,0.0,0.0,0.0]	[5.36E-6]	[1.019E-6]
18	1	-1	-1	12	1	-1	0	7	1451192400	[0.0,0.0,0.0,0.0,0.0,0.0,0.0,0.0,0.0,0.0,0.0,0.0]	[0.0,0.0,0.0,0.0,0.0,0.0,0.0,0.0,0.0,0.0,26000.0,0.0]	[0.0,0.0,0.0,0.0,0.0,0.0,0.0,0.0,0.0,0.0,0.5,0.0]	[0.0,0.0,0.0,0.0,0.0,0.0,0.0,0.0,0.0,0.0,0.0,0.0]	[2.41E-7]	[0.0]
18	1	-1	-1	17	1	-1	0	2	1451192400	[0.0,0.0,0.0,0.0,0.0,0.0,0.0,0.0,0.0,0.0,0.0,0.0]	[0.0,644000.0,0.0,0.0,0.0,0.0,60000.0,0.0,0.0,66000.0,0.0,60000.0]	[0.0,1.0,0.0,0.0,0.0,0.0,0.5,0.0,0.0,0.5,0.0,0.5]	[0.0,0.0,0.0,0.0,0.0,0.0,0.0,0.0,0.0,0.0,0.0,0.0]	[7.69E-6]	[0.0]
18	1	-1	-1	114	1	-1	0	1	1451192400	[0.0,0.0,0.0,0.0,0.0,0.0,0.0,0.0,0.0,0.0,0.0,0.0]	[139000.0,139000.0,120000.0,180000.0,139000.0,139000.0,218000.0,139000.0,139000.0,199000.0,218000.0,60000.0]	[2.0,2.0,2.0,3.0,2.0,2.0,3.0,2.0,2.0,3.0,3.0,1.0]	[0.0,0.0,0.0,0.0,0.0,0.0,0.0,0.0,0.0,0.0,0.0,0.0]	[1.69E-5]	[0.0]
18	1	-1	-1	3	1	-1	0	2	1451192400	[3.42E9,3.22E9,3.54E9,3.5E9,3.72E9,3.72999987E9,3.82E9,3.7E9,3.67000013E9,3.34E9,3.15000013E9,3.07000013E9]	[6.82E7,6.91E7,6.33E7,5.85E7,6.63E7,6.44E7,6.23E7,6.69E7,6.25E7,5.39E7,5.09E7,5.41E7]	[270.0,271.0,267.0,242.0,262.0,253.0,269.0,254.0,234.0,244.0,233.0,233.0]	[2540000.0,2530000.0,2530000.0,2430000.0,2530000.0,2550000.0,2620000.0,2470000.0,2290000.0,2180000.0,2420000.0,2310000.0]	[0.00685]	[0.388]
18	1	-1	-1	24	1	-1	0	2	1451192400	[6550000.0,4370000.0,1.19E7,8260000.0,1.17E7,5340000.0,9660000.0,1.54E7,3450000.0,1.05E7,5750000.0,4470000.0]	[1.93E7,1.33E7,1.72E7,8150000.0,1.13E7,1.13E7,6730000.0,8980000.0,1.17E7,9440000.0,9290000.0,1.005E7]	[5060.0,57.5,63.5,1040.0,1040.0,37.5,28.5,1040.0,38.5,39.5,1030.0,1030.0]	[5000.0,5000.0,11000.0,8000.0,11000.0,5000.0,9000.0,13000.0,3000.0,10000.0,6000.0,6000.0]	[0.00127]	[9.02E-4]
18	1	-1	-1	14	1	-1	0	4	1451192400	[0.0,164000.0,0.0,0.0,328000.0,82000.0,0.0,164000.0,82000.0,0.0,176000.0,363000.0]	[78000.0,0.0,0.0,0.0,0.0,78000.0,79000.0,156000.0,0.0,83000.0,78000.0,0.0]	[1000.0,0.0,0.0,0.0,0.0,1000.0,1000.0,2000.0,0.0,1000.0,1000.0,0.0]	[0.0,2000.0,0.0,0.0,4000.0,1000.0,0.0,2000.0,1000.0,0.0,2000.0,3000.0]	[5.11E-6]	[1.26E-5]
18	1	-1	22	58	1	-1	0	2	1451192400	[1.35E8,1.31E8,1.7E8,1.62E8,1.27E8,8.91E7,7.24E7,1.05E8,1.25E8,1.69E8,2.09E8,8.47E7]	[9.35E8,9.92E8,1.64E9,4.95E8,4.51E8,3.94E8,3.47E8,4.59E8,6.2E8,6.65E8,9.82E8,3.2E8]	[243000.0,218000.0,223000.0,256000.0,208000.0,195000.0,197000.0,197000.0,179000.0,211000.0,160000.0,146000.0]	[140000.0,130000.0,126000.0,160000.0,119000.0,118000.0,120000.0,125000.0,121000.0,148000.0,139000.0,122000.0]	[0.0768]	[0.0146]
18	1	-1	22	23	1	-1	0	2	1451192400	[4.13E8,3.93E8,3.96E8,4.42E8,3.98E8,3.56E8,3.56E8,5.17E8,4.07E8,4.07E8,4.03E8,3.54E8]	[6.52E9,6.4700001E9,6.2E9,6.4999997E9,6.3500001E9,6.2200003E9,6.0999997E9,6.1400003E9,6.4899999E9,7.1000003E9,6.4199997E9,6.3000003E9]	[163000.0,123000.0,162000.0,200000.0,194000.0,148000.0,156000.0,144000.0,186000.0,260000.0,230000.0,222000.0]	[115000.0,86000.0,132000.0,150000.0,144000.0,127000.0,133000.0,119000.0,138000.0,157000.0,159000.0,146000.0]	[0.711]	[0.0448]
18	1	-1	22	9	1	-1	0	2	1451192400	[2.95E8,2.5E8,2.44E8,2.02E8,2.27E8,2.6E8,2.69E8,1.73E8,1.85E8,1.95E8,2.22E8,2.17E8]	[7.0599997E9,6.4899999E9,6.5299999E9,6.7000003E9,7.1100001E9,6.0600003E9,6.4300001E9,6.24E9,6.6599997E9,6.1900001E9,6.32E9,5.9900001E9]	[6060.0,4060.0,9060.0,5060.0,13100.0,6070.0,13100.0,9060.0,15100.0,14100.0,12100.0,9060.0]	[935000.0,880000.0,952000.0,883000.0,901000.0,833000.0,841000.0,898000.0,839000.0,852000.0,845000.0,821000.0]	[0.72]	[0.0254]
18	1	-1	-1	73	1	-1	0	5	1451192400	[0.0,0.0,0.0,0.0,0.0,0.0,0.0,0.0,0.0,0.0,0.0,0.0]	[8400000.0,4840000.0,3080000.0,1770000.0,2490000.0,751000.0,577000.0,701000.0,1790000.0,2060000.0,3090000.0,2240000.0]	[9.5,8.0,4.0,6.0,5.5,2.5,3.0,1.5,5.5,6.5,6.0,5.5]	[0.0,0.0,0.0,0.0,0.0,0.0,0.0,0.0,0.0,0.0,0.0,0.0]	[2.94E-4]	[0.0]
18	1	-1	1	50	1	-1	0	2	1451192400	[0.0,0.0,0.0,0.0,0.0,98000.0,0.0,0.0,0.0,0.0,0.0,0.0]	[168000.0,0.0,0.0,66000.0,0.0,0.0,0.0,0.0,0.0,0.0,21000.0,173000.0]	[0.5,0.0,0.0,0.5,0.0,0.0,0.0,0.0,0.0,0.0,0.5,1.5]	[0.0,0.0,0.0,0.0,0.0,1000.0,0.0,0.0,0.0,0.0,0.0,0.0]	[3.96E-6]	[9.07E-7]
18	1	-1	16	33	1	-1	0	2	1451192400	[0.0,0.0,0.0,0.0,0.0,0.0,0.0,0.0,0.0,0.0,0.0,0.0]	[1030000.0,9.49E7,1.33E8,1.16E8,9.51E7,2.31E7,1.021E8,2.57E8,1.35E8,2.14E8,7.14E7,952000.0]	[7000.0,17000.0,21000.0,26000.0,30000.0,11000.0,27000.0,38000.0,39000.0,44000.0,32000.0,5000.0]	[0.0,0.0,0.0,0.0,0.0,0.0,0.0,0.0,0.0,0.0,0.0,0.0]	[0.0115]	[0.0]
18	1	-1	6	35	1	-1	0	2	1451192400	[0.0,0.0,0.0,0.0,0.0,0.0,0.0,0.0,0.0,0.0,0.0,0.0]	[0.0,0.0,0.0,0.0,0.0,0.0,0.0,0.0,31000.0,0.0,410000.0,31000.0]	[0.0,0.0,0.0,0.0,0.0,0.0,0.0,0.0,0.5,0.0,0.5,0.5]	[0.0,0.0,0.0,0.0,0.0,0.0,0.0,0.0,0.0,0.0,0.0,0.0]	[4.37E-6]	[0.0]
18	1	-1	-1	59	1	-1	0	5	1451192400	[0.0,0.0,0.0,0.0,0.0,0.0,0.0,0.0,0.0,0.0,0.0,0.0]	[2910000.0,1850000.0,5840000.0,3130000.0,5180000.0,8170000.0,9070000.0,4700000.0,6950000.0,5100000.0,5090000.0,8900000.0]	[4.5,5.0,4.5,4.5,5.5,8.5,11.0,7.0,6.0,9.0,7.5,8.5]	[0.0,0.0,0.0,0.0,0.0,0.0,0.0,0.0,0.0,0.0,0.0,0.0]	[6.19E-4]	[0.0]
18	1	-1	22	6	1	-1	0	4	1451192400	[7360000.0,2590000.0,2.01E7,7790000.0,3290000.0,7470000.0,8100000.0,6390000.0,9450000.0,8630000.0,8830000.0,9610000.0]	[1130000.0,933000.0,1260000.0,369000.0,2030000.0,951000.0,785000.0,788000.0,660000.0,420000.0,201000.0,686000.0]	[5000.0,5000.0,10000.0,4000.0,5000.0,8000.0,4000.0,6000.0,6000.0,4000.0,2000.0,5000.0]	[7000.0,3000.0,16000.0,8000.0,4000.0,7000.0,7000.0,6000.0,7000.0,7000.0,6000.0,8000.0]	[9.46E-5]	[9.23E-4]
18	1	-1	-1	45	1	-1	0	5	1451192400	[0.0,0.0,0.0,0.0,0.0,0.0,0.0,0.0,0.0,0.0,0.0,0.0]	[58000.0,645000.0,636000.0,364000.0,334000.0,1640000.0,1190000.0,2430000.0,1530000.0,510000.0,545000.0,768000.0]	[0.5,2.0,2.5,1.5,2.0,2.5,3.5,3.0,3.0,1.5,1.0,1.0]	[0.0,0.0,0.0,0.0,0.0,0.0,0.0,0.0,0.0,0.0,0.0,0.0]	[9.86E-5]	[0.0]
18	1	-1	-1	12773	1	-1	0	10	1451192400	[0.0,0.0,0.0,0.0,122000.0,96000.0,0.0,154000.0,0.0,0.0,132000.0,0.0]	[133000.0,82000.0,0.0,66000.0,126000.0,59000.0,0.0,66000.0,0.0,0.0,128000.0,0.0]	[2000.0,1000.0,0.0,1000.0,2000.0,1000.0,0.0,1000.0,0.0,0.0,2000.0,0.0]	[0.0,0.0,0.0,0.0,1000.0,1000.0,0.0,1000.0,0.0,0.0,1000.0,0.0]	[6.11E-6]	[4.67E-6]
18	1	-1	-1	20	1	-1	0	3	1451192400	[453000.0,562000.0,843000.0,692000.0,266000.0,482000.0,552000.0,597000.0,498000.0,932000.0,926000.0,515000.0]	[1750000.0,2380000.0,1310000.0,1410000.0,1900000.0,1820000.0,1710000.0,1570000.0,1230000.0,1860000.0,1350000.0,1390000.0]	[15.5,18.0,14.5,15.0,15.5,14.0,13.5,14.0,14.5,17.5,13.5,15.5]	[8000.0,9000.0,10000.0,10000.0,5000.0,7000.0,8000.0,7000.0,10000.0,13000.0,13000.0,7000.0]	[1.82E-4]	[6.78E-5]
18	1	-1	5	9	1	-1	0	2	1451192400	[6.11E8,9.22E8,9.75E8,3.19E8,3.18E8,5.23E8,8.08E8,3.64E8,4.58E8,3.57E8,5.45E8,1.54E8]	[2180000.0,2540000.0,682000.0,492000.0,767000.0,1470000.0,905000.0,1500000.0,1200000.0,389000.0,836000.0,670000.0]	[13.0,12.0,4.5,3.0,5.5,4.5,3.5,5.0,5.5,2.0,5.0,3.0]	[203000.0,200000.0,170000.0,175000.0,218000.0,212000.0,194000.0,194000.0,168000.0,194000.0,166000.0,148000.0]	[1.26E-4]	[0.0588]
18	1	-1	-1	47	1	-1	0	2	1451192400	[348000.0,464000.0,0.0,0.0,0.0,0.0,0.0,116000.0,0.0,0.0,0.0,0.0]	[0.0,0.0,0.0,0.0,0.0,0.0,0.0,0.0,0.0,0.0,0.0,0.0]	[0.0,0.0,0.0,0.0,0.0,0.0,0.0,0.0,0.0,0.0,0.0,0.0]	[3000.0,4000.0,0.0,0.0,0.0,0.0,0.0,1000.0,0.0,0.0,0.0,0.0]	[0.0]	[8.59E-6]
18	1	-1	-1	42	1	-1	0	7	1451192400	[3.09E7,2.67E7,3.29E7,2.39E7,1.66E7,2.44E7,3.79E7,2.53E7,2.11E7,2.3E7,2.2E7,2.38E7]	[5.24E7,4.1E7,4.41E7,3.79E7,4.41E7,3.25E7,3.89E7,3.16E7,4.48E7,4.14E7,3.68E7,4.11E7]	[31.5,36.0,33.0,34.0,32.0,31.5,34.0,33.5,34.5,34.0,31.5,31.0]	[28000.0,24000.0,30000.0,22000.0,15000.0,22000.0,36000.0,23000.0,19000.0,21000.0,20000.0,22000.0]	[0.00451]	[0.00286]
18	1	-1	-1	12	1	-1	0	2	1451192400	[781000.0,2660000.0,3560000.0,3050000.0,4360000.0,2390000.0,2340000.0,3950000.0,4750000.0,1620000.0,3890000.0,6350000.0]	[1690000.0,1020000.0,1950000.0,1680000.0,2190000.0,1330000.0,1880000.0,1660000.0,1550000.0,1850000.0,1490000.0,1960000.0]	[23.0,17.0,27.0,23.5,30.0,20.5,28.5,25.0,24.0,27.0,22.0,27.0]	[1000.0,5000.0,5000.0,5000.0,7000.0,4000.0,4000.0,5000.0,7000.0,2000.0,7000.0,9000.0]	[1.88E-4]	[3.67E-4]
18	1	-1	22	67	1	-1	0	2	1451192400	[5.37E7,6.45E7,8.51E7,5.88E7,7.8E7,8.21E7,6.59E7,6.38E7,7.59E7,6.85E7,8.22E7,7.51E7]	[1.06E9,1.24E9,1.34E9,1.1E9,1.7E9,2.03E9,9.03E8,1.2E9,1.38E9,1.2E9,1.65E9,1.57E9]	[64000.0,59000.0,57000.0,58000.0,70000.0,63000.0,56000.0,63000.0,59000.0,77000.0,89000.0,67000.0]	[66000.0,68000.0,78000.0,61000.0,81000.0,70000.0,66000.0,68000.0,73000.0,78000.0,84000.0,64000.0]	[0.151]	[0.0079]
18	1	-1	-1	19	1	-1	0	2	1451192400	[116000.0,348000.0,580000.0,0.0,0.0,696000.0,0.0,0.0,0.0,0.0,0.0,0.0]	[0.0,0.0,0.0,0.0,0.0,0.0,0.0,0.0,0.0,0.0,0.0,0.0]	[0.0,0.0,0.0,0.0,0.0,0.0,0.0,0.0,0.0,0.0,0.0,0.0]	[1000.0,3000.0,5000.0,0.0,0.0,6000.0,0.0,0.0,0.0,0.0,0.0,0.0]	[0.0]	[1.61E-5]
18	1	-1	16	42	1	-1	0	2	1451192400	[1.64999997E10,1.52999997E10,1.53999995E10,1.48E10,1.51000003E10,1.45999995E10,1.40999997E10,1.32999997E10,1.39000003E10,1.34000005E10,1.26000005E10,1.15000003E10]	[1.06999996E11,1.06999996E11,1.02999998E11,1.05000002E11,1.02000001E11,1.00800004E11,9.6799998E10,9.3099999E10,9.0799997E10,8.6699999E10,8.9899999E10,8.1499996E10]	[666000.0,657000.0,638000.0,654000.0,635000.0,648000.0,634000.0,636000.0,651000.0,645000.0,704000.0,652000.0]	[289000.0,250000.0,272000.0,254000.0,265000.0,259000.0,265000.0,266000.0,260000.0,261000.0,282000.0,292000.0]	[10.8]	[1.58]
18	1	-1	-1	114	1	-1	0	7	1451192400	[0.0,0.0,0.0,0.0,0.0,0.0,0.0,0.0,0.0,0.0,0.0,0.0]	[60000.0,0.0,120000.0,79000.0,237000.0,0.0,139000.0,218000.0,237000.0,79000.0,199000.0,376000.0]	[1.0,0.0,2.0,1.0,3.0,0.0,2.0,3.0,3.0,1.0,3.0,5.0]	[0.0,0.0,0.0,0.0,0.0,0.0,0.0,0.0,0.0,0.0,0.0,0.0]	[1.61E-5]	[0.0]
18	1	-1	16	7	1	-1	0	2	1451192400	[2.0E7,1.93E7,1.38E7,2.32E7,1.62E7,1.68E7,2.81E7,2.07E7,2.07E7,1.78E7,1.64E7,1.82E7]	[1.002E7,9040000.0,1.38E7,6730000.0,6750000.0,7270000.0,4.06E7,6290000.0,1.47E7,9430000.0,7440000.0,9850000.0]	[23000.0,21000.0,23000.0,19000.0,15000.0,18000.0,26000.0,10000.0,20000.0,14000.0,17000.0,19000.0]	[35000.0,33000.0,24000.0,37000.0,29000.0,28000.0,42000.0,37000.0,38000.0,33000.0,25000.0,31000.0]	[0.00131]	[0.00214]
18	1	-1	-1	54	1	-1	0	5	1451192400	[0.0,0.0,0.0,0.0,0.0,0.0,0.0,0.0,0.0,0.0,0.0,0.0]	[1450000.0,668000.0,0.0,0.0,0.0,673000.0,1240000.0,1280000.0,4110000.0,2040000.0,1840000.0,0.0]	[2.0,1.0,0.0,0.0,0.0,1.0,0.5,1.5,4.5,1.5,1.0,0.0]	[0.0,0.0,0.0,0.0,0.0,0.0,0.0,0.0,0.0,0.0,0.0,0.0]	[1.23E-4]	[0.0]
18	1	-1	1	31	1	-1	0	2	1451192400	[0.0,0.0,0.0,0.0,0.0,0.0,0.0,0.0,0.0,0.0,0.0,0.0]	[0.0,0.0,140000.0,26000.0,0.0,0.0,66000.0,0.0,0.0,0.0,0.0,0.0]	[0.0,0.0,1.0,0.5,0.0,0.0,0.5,0.0,0.0,0.0,0.0,0.0]	[0.0,0.0,0.0,0.0,0.0,0.0,0.0,0.0,0.0,0.0,0.0,0.0]	[2.15E-6]	[0.0]
18	1	-1	22	17	1	-1	0	1	1451192400	[0.0,0.0,0.0,0.0,0.0,0.0,0.0,0.0,0.0,0.0,0.0,0.0]	[9180000.0,100000.0,436000.0,94000.0,0.0,280000.0,7720000.0,300000.0,1670000.0,1860000.0,195000.0,293000.0]	[5.0,1.0,4.0,1.0,0.0,2.0,4.0,3.0,2.0,5.0,2.0,2.0]	[0.0,0.0,0.0,0.0,0.0,0.0,0.0,0.0,0.0,0.0,0.0,0.0]	[2.05E-4]	[0.0]
18	1	-1	1	17	1	-1	0	2	1451192400	[0.0,0.0,0.0,0.0,0.0,0.0,0.0,0.0,0.0,0.0,0.0,0.0]	[1.18E7,1.13E7,1.09E7,9150000.0,1.3E7,1.37E7,1.34E7,1.005E7,1.29E7,9340000.0,8720000.0,8940000.0]	[21.0,18.0,17.5,19.0,16.0,19.0,22.5,17.5,20.5,20.0,17.5,19.5]	[0.0,0.0,0.0,0.0,0.0,0.0,0.0,0.0,0.0,0.0,0.0,0.0]	[0.00123]	[0.0]
18	1	-1	-1	5	1	-1	0	5	1451192400	[0.0,0.0,0.0,0.0,0.0,0.0,0.0,0.0,0.0,0.0,0.0,0.0]	[30000.0,75000.0,0.0,433000.0,667000.0,340000.0,0.0,126000.0,0.0,54000.0,0.0,66000.0]	[0.5,0.5,0.0,2.0,1.5,0.5,0.0,0.5,0.0,1.0,0.0,0.5]	[0.0,0.0,0.0,0.0,0.0,0.0,0.0,0.0,0.0,0.0,0.0,0.0]	[1.66E-5]	[0.0]
18	1	-1	-1	42	1	-1	0	2	1451192400	[3.46E8,3.25E8,3.41E8,3.28E8,3.18E8,3.43E8,3.19E8,3.57E8,3.32E8,3.2E8,3.02E8,3.08E8]	[1.55E7,5610000.0,1.07E7,1.022E7,1.39E7,6160000.0,9540000.0,1.22E7,8870000.0,6640000.0,9030000.0,7160000.0]	[26.5,18.5,27.0,24.5,27.5,25.0,26.0,27.5,24.0,26.5,26.0,24.5]	[547000.0,523000.0,533000.0,531000.0,508000.0,548000.0,512000.0,552000.0,523000.0,513000.0,486000.0,497000.0]	[0.00107]	[0.0365]
18	1	-1	4	27	1	-1	0	2	1451192400	[4.3E8,4.21E8,4.28E8,4.2E8,4.26E8,4.18E8,4.17E8,4.05E8,4.09E8,3.93E8,3.96E8,3.97E8]	[4.81E8,4.81E8,4.85E8,4.72E8,4.73E8,4.71E8,4.57E8,4.42E8,4.47E8,4.27E8,4.28E8,4.3E8]	[4280.0,4290.0,4270.0,4170.0,4140.0,4140.0,4070.0,4000.0,3990.0,3840.0,3860.0,3810.0]	[4490.0,4440.0,4390.0,4360.0,4420.0,4290.0,4290.0,4160.0,4220.0,4030.0,4110.0,4050.0]	[0.0509]	[0.0459]
18	1	-1	22	27	1	-1	0	2	1451192400	[6.24E8,6.31E8,5.65E8,6.11E8,5.82E8,5.73E8,5.88E8,6.11E8,6.06E8,5.39E8,5.52E8,5.18E8]	[9.16E8,1.11E9,1.007E9,9.79E8,1.04E9,7.92E8,1.04E9,1.14E9,9.14E8,7.73E8,7.79E8,7.94E8]	[3270.0,756.0,2260.0,1760.0,4280.0,5270.0,4270.0,1760.0,1730.0,2240.0,4240.0,2750.0]	[64000.0,69000.0,66000.0,77500.0,64500.0,61500.0,63000.0,73500.0,68500.0,62500.0,70000.0,59000.0]	[0.104]	[0.0648]
18	1	-1	16	65	1	-1	0	2	1451192400	[0.0,0.0,0.0,0.0,0.0,0.0,0.0,0.0,0.0,0.0,0.0,0.0]	[6070000.0,1.14E7,8300000.0,650000.0,2040000.0,916000.0,5490000.0,661000.0,8360000.0,1.13E7,1.09E7,8940000.0]	[13000.0,13000.0,11000.0,1000.0,8000.0,4000.0,8000.0,2000.0,9000.0,13000.0,16000.0,11000.0]	[0.0,0.0,0.0,0.0,0.0,0.0,0.0,0.0,0.0,0.0,0.0,0.0]	[6.94E-4]	[0.0]
18	1	-1	-1	114	1	-1	0	2	1451192400	[0.0,0.0,0.0,0.0,0.0,0.0,0.0,0.0,0.0,0.0,0.0,0.0]	[439000.0,199000.0,237000.0,0.0,60000.0,0.0,237000.0,79000.0,158000.0,79000.0,496000.0,0.0]	[7.0,3.0,3.0,0.0,1.0,0.0,2.0,1.0,1.0,1.0,7.0,0.0]	[0.0,0.0,0.0,0.0,0.0,0.0,0.0,0.0,0.0,0.0,0.0,0.0]	[1.84E-5]	[0.0]
18	1	-1	16	23	1	-1	0	2	1451192400	[0.0,0.0,0.0,0.0,0.0,0.0,0.0,0.0,0.0,0.0,0.0,0.0]	[5910000.0,5680000.0,8290000.0,7780000.0,4150000.0,3690000.0,4660000.0,3630000.0,1310000.0,4060000.0,2410000.0,6280000.0]	[9000.0,4000.0,10000.0,7000.0,5000.0,5000.0,5000.0,4000.0,1000.0,6000.0,5000.0,12000.0]	[0.0,0.0,0.0,0.0,0.0,0.0,0.0,0.0,0.0,0.0,0.0,0.0]	[5.36E-4]	[0.0]
18	1	-1	-1	65	1	-1	0	2	1451192400	[1050000.0,880000.0,1610000.0,1210000.0,2010000.0,2450000.0,2180000.0,1050000.0,974000.0,546000.0,1022000.0,1360000.0]	[1.68E7,2.25E7,2.7E7,2.57E7,2.12E7,2.76E7,2.16E7,1.53E7,2.33E7,1.6E7,1.69E7,1.81E7]	[12000.0,16000.0,19000.0,17000.0,15000.0,21000.0,17000.0,11000.0,18000.0,11000.0,12000.0,13000.0]	[6000.0,9000.0,14000.0,12000.0,14000.0,16000.0,14000.0,7000.0,8000.0,6000.0,9000.0,11000.0]	[0.00233]	[1.51E-4]
18	1	-1	5	27	1	-1	0	2	1451192400	[3.4E8,3.35E8,2.55E8,2.21E8,2.37E8,2.66E8,2.38E8,2.46E8,2.21E8,2.37E8,2.61E8,2.68E8]	[2.94E9,3.0E9,2.79000013E9,2.59000013E9,2.91000013E9,3.1E9,2.94E9,2.80999987E9,2.64999987E9,2.86E9,2.99000013E9,2.84E9]	[714.0,703.0,678.0,673.0,647.0,698.0,681.0,657.0,616.0,644.0,643.0,663.0]	[157.0,148.0,145.0,141.0,133.0,143.0,135.0,133.0,149.0,144.0,133.0,143.0]	[0.319]	[0.0289]
18	1	-1	-1	14	1	-1	0	5	1451192400	[82500.0,621000.0,515000.0,612000.0,1050000.0,952000.0,271000.0,298000.0,52000.0,172000.0,246000.0,256000.0]	[6560000.0,4450000.0,0.0,584000.0,720000.0,986000.0,495000.0,660000.0,511000.0,828000.0,532000.0,449000.0]	[4.0,3.5,0.0,2.0,2.5,4.0,1.5,2.5,2.0,2.5,2.0,2.5]	[1.5,3.5,4.0,4.5,4.0,5.0,2.5,3.0,1.0,1.5,4.0,2.5]	[1.55E-4]	[4.75E-5]
18	1	-1	22	12	1	-1	0	1	1451192400	[0.0,0.0,0.0,0.0,0.0,0.0,0.0,0.0,0.0,0.0,0.0,0.0]	[5.41E8,6.09E8,5.36E8,5.56E8,5.55E8,5.79E8,4.83E8,4.74E8,3.68E8,3.91E8,3.83E8,4.92E8]	[1190.0,1230.0,1210.0,1300.0,1210.0,1240.0,1190.0,1180.0,1120.0,982.0,1021.0,1080.0]	[0.0,0.0,0.0,0.0,0.0,0.0,0.0,0.0,0.0,0.0,0.0,0.0]	[0.0553]	[0.0]
18	1	-1	16	9	1	-1	0	2	1451192400	[1.73E9,1.93E9,2.11E9,1.73E9,1.57E9,2.15000013E9,2.05E9,1.84E9,1.19E9,1.57E9,1.4E9,1.98E9]	[1.49E9,1.42E9,1.86E9,1.98E9,2.13E9,2.35000013E9,2.05E9,1.65E9,1.82E9,1.52E9,2.03E9,1.72E9]	[974000.0,924000.0,916000.0,906000.0,879000.0,942000.0,973000.0,843000.0,853000.0,832000.0,852000.0,879000.0]	[385000.0,401000.0,422000.0,389000.0,387000.0,388000.0,412000.0,406000.0,393000.0,388000.0,421000.0,394000.0]	[0.204]	[0.197]
18	1	-1	1	12	1	-1	0	2	1451192400	[6.48E7,5.05E7,4.96E7,4.88E7,5.36E7,5.13E7,5.19E7,5.66E7,5.58E7,5.03E7,5.34E7,5.02E7]	[2.25E8,2.14E8,2.11E8,2.19E8,2.29E8,2.04E8,2.05E8,2.16E8,2.2E8,2.14E8,2.24E8,1.93E8]	[78.0,67.5,65.5,70.0,73.0,74.0,72.0,66.5,65.5,70.0,71.5,71.0]	[82000.0,64000.0,63000.0,62000.0,68000.0,65000.0,66000.0,72000.0,71000.0,64000.0,68000.0,64000.0]	[0.0238]	[0.0059]
18	1	-1	10	12	1	-1	0	2	1451192400	[2700000.0,1870000.0,2580000.0,2510000.0,2790000.0,2090000.0,2340000.0,2730000.0,2720000.0,2200000.0,2510000.0,2590000.0]	[1.07E7,1.07E7,9370000.0,9020000.0,9250000.0,9910000.0,8730000.0,9830000.0,1.05E7,9600000.0,7900000.0,9280000.0]	[105.0,104.0,106.0,96.0,95.0,94.0,96.5,105.0,104.0,92.0,87.5,101.0]	[39000.0,27000.0,38000.0,36000.0,41000.0,30000.0,34000.0,39000.0,40000.0,31000.0,36000.0,38000.0]	[0.00106]	[2.74E-4]
18	1	-1	-1	51	1	-1	0	2	1451192400	[232000.0,0.0,0.0,116000.0,116000.0,0.0,464000.0,0.0,464000.0,580000.0,528000.0,0.0]	[0.0,0.0,28000.0,0.0,0.0,0.0,0.0,0.0,0.0,0.0,0.0,0.0]	[0.0,0.0,0.5,0.0,0.0,0.0,0.0,0.0,0.0,0.0,0.0,0.0]	[2000.0,0.0,0.0,1000.0,1000.0,0.0,4000.0,0.0,4000.0,5000.0,5000.0,0.0]	[2.59E-7]	[2.31E-5]
18	1	-1	-1	37	1	-1	0	2	1451192400	[7230000.0,1.2E7,1.08E7,1.32E7,7190000.0,8360000.0,1.32E7,8380000.0,1.08E7,9530000.0,9550000.0,1.19E7]	[3.78E7,2.89E7,3.29E7,3.08E7,3.86E7,3.15E7,3.27E7,3.37E7,2.53E7,2.85E7,3.67E7,3.11E7]	[2.5,2.0,2.5,2.5,2.5,2.5,2.5,2.5,2.0,2.5,2.5,2.5]	[6000.0,10000.0,9000.0,11000.0,6000.0,7000.0,11000.0,7000.0,9000.0,8000.0,8000.0,10000.0]	[0.0036]	[0.00113]
18	1	-1	-1	2	1	-1	0	2	1451192400	[7050000.0,9250000.0,5170000.0,5950000.0,7210000.0,1.05E7,3560000.0,5770000.0,8330000.0,3010000.0,1.022E7,8170000.0]	[1.001E8,9.21E7,8.12E7,5.44E7,6.19E7,6.73E7,6.34E7,5.93E7,5.69E7,6.64E7,9.49E7,7.62E7]	[59000.0,63000.0,48000.0,32000.0,38000.0,34000.0,36000.0,34000.0,35000.0,40000.0,56000.0,44000.0]	[38000.0,46000.0,30000.0,19000.0,32000.0,28000.0,25000.0,25000.0,32000.0,26000.0,51000.0,29000.0]	[0.00809]	[7.79E-4]
18	1	-1	-1	23	1	-1	0	2	1451192400	[1310000.0,1120000.0,816000.0,728000.0,0.0,535000.0,0.0,102000.0,234000.0,259000.0,355000.0,66000.0]	[1.76E7,7040000.0,1.36E7,1.07E7,1002000.0,0.0,1920000.0,7150000.0,1440000.0,0.0,3310000.0,944000.0]	[17000.0,8000.0,13000.0,8000.0,1000.0,0.0,2000.0,5000.0,1000.0,0.0,3000.0,1000.0]	[12000.0,9000.0,8000.0,7000.0,0.0,1000.0,0.0,1000.0,2000.0,1000.0,2000.0,1000.0]	[6.0E-4]	[5.11E-5]
18	1	-1	16	60	1	-1	0	2	1451192400	[1.2E8,1.17E8,1.22E8,1.21E8,1.23E8,1.18E8,1.2E8,1.19E8,1.23E8,1.14E8,1.13E8,1.19E8]	[3.56E7,4.5E7,3.93E7,3.71E7,4.14E7,3.67E7,2.96E7,5.02E7,4.21E7,4.08E7,3.52E7,3.74E7]	[98000.0,105000.0,100000.0,95000.0,97000.0,100000.0,93000.0,104000.0,103000.0,104000.0,98000.0,95000.0]	[101000.0,100000.0,102000.0,105000.0,99000.0,97000.0,104000.0,102000.0,105000.0,96000.0,101000.0,103000.0]	[0.00436]	[0.0132]
18	1	-1	22	22	1	-1	0	2	1451192400	[1.49E8,1.18E8,1.011E8,9.46E7,9.08E7,1.33E8,1.14E8,7.44E7,3.59E7,5.74E7,6.23E7,1.13E8]	[1.15E9,6.22E8,6.35E8,5.25E8,5.04E8,8.25E8,5.86E8,3.2E8,3.88E8,6.78E8,8.94E8,2.05E9]	[115000.0,106000.0,112000.0,112000.0,113000.0,119000.0,110000.0,104000.0,89000.0,88000.0,82000.0,92000.0]	[79000.0,71000.0,82000.0,78000.0,81000.0,82000.0,75000.0,94000.0,81000.0,79000.0,76000.0,86000.0]	[0.085]	[0.0106]
18	1	-1	22	43	1	-1	0	2	1451192400	[1820000.0,898000.0,2180000.0,1380000.0,776000.0,538000.0,684000.0,975000.0,883000.0,721000.0,3670000.0,1110000.0]	[4620000.0,1840000.0,4910000.0,4650000.0,1870000.0,1150000.0,676000.0,713000.0,1650000.0,5500000.0,1380000.0,1100000.0]	[9000.0,6000.0,8000.0,9000.0,9000.0,8000.0,4000.0,5000.0,6000.0,9000.0,8000.0,4000.0]	[15000.0,8000.0,11000.0,9000.0,7000.0,5000.0,6000.0,4000.0,8000.0,6000.0,10000.0,10000.0]	[2.78E-4]	[1.45E-4]
18	1	-1	22	8	1	-1	0	2	1451192400	[7.02E7,1.28E8,1.05E8,2.0E7,8.74E7,2.2E9,3.1E9,3.16E9,2.96E9,2.79000013E9,3.06E9,3.1E9]	[7.41E8,1.84E9,1.35E9,2.2E8,1.22E9,1.67E9,1.71E9,2.08E9,1.82E9,2.72999987E9,1.2E9,1.08E9]	[92000.0,87000.0,86000.0,81000.0,84000.0,108000.0,109000.0,119000.0,119000.0,116000.0,109000.0,100000.0]	[44000.0,46000.0,49000.0,36000.0,52000.0,49000.0,52000.0,51000.0,54000.0,52000.0,62000.0,52000.0]	[0.163]	[0.192]
18	1	-1	1	35	1	-1	0	2	1451192400	[2.16E7,2.62E7,1.92E7,2.15E7,1.3E7,2.22E7,2.3E7,2.06E7,1.99E7,2.06E7,1.3E7,2.07E7]	[9.75E7,9.08E7,9.2E7,8.61E7,7.89E7,8.8E7,9.06E7,9.12E7,8.3E7,8.95E7,7.64E7,7.41E7]	[36.0,33.0,33.5,34.0,37.5,41.0,44.0,32.0,33.0,37.5,37.5,37.0]	[28000.0,34000.0,25000.0,28000.0,17000.0,29000.0,30000.0,27000.0,26000.0,27000.0,17000.0,27000.0]	[0.00961]	[0.00223]
18	1	-1	-1	12	1	-1	0	3	1451192400	[598000.0,327000.0,519000.0,688000.0,558000.0,615000.0,238000.0,733000.0,907000.0,360000.0,721000.0,796000.0]	[1680000.0,1800000.0,1800000.0,1640000.0,1720000.0,1690000.0,2370000.0,1640000.0,1370000.0,1790000.0,1570000.0,1460000.0]	[16.0,18.0,16.0,15.0,15.0,13.5,16.5,16.0,14.5,14.0,15.0,16.0]	[9000.0,4000.0,6000.0,11000.0,8000.0,8000.0,3000.0,8000.0,12000.0,6000.0,12000.0,11000.0]	[1.9E-4]	[6.54E-5]
18	1	-1	10	35	1	-1	0	2	1451192400	[0.0,0.0,0.0,0.0,0.0,0.0,0.0,0.0,0.0,0.0,0.0,0.0]	[21000.0,0.0,0.0,0.0,0.0,21000.0,0.0,0.0,0.0,0.0,0.0,21000.0]	[0.5,0.0,0.0,0.0,0.0,0.5,0.0,0.0,0.0,0.0,0.0,0.5]	[0.0,0.0,0.0,0.0,0.0,0.0,0.0,0.0,0.0,0.0,0.0,0.0]	[5.83E-7]	[0.0]
18	1	-1	-1	44	1	-1	0	5	1451192400	[4.36E8,4.16E8,4.39E8,4.44E8,3.65E8,3.63E8,3.77E8,3.57E8,4.08E8,3.47E8,3.28E8,3.37E8]	[8.62E7,9.45E7,9.17E7,9.21E7,7.73E7,7.38E7,7.79E7,9.68E7,1.26E8,9.54E7,8.36E7,1.17E8]	[130.0,127.0,138.0,132.0,116.0,116.0,130.0,147.0,176.0,157.0,148.0,155.0]	[560.0,531.0,558.0,543.0,501.0,482.0,499.0,493.0,521.0,480.0,472.0,472.0]	[0.0103]	[0.0427]
18	1	-1	22	21	1	-1	0	1	1451192400	[0.0,0.0,0.0,0.0,0.0,0.0,0.0,0.0,0.0,0.0,0.0,0.0]	[2.97E7,3.78E7,4.66E7,4.15E7,5.89E7,3.2E7,4.07E7,4.29E7,4.18E7,6.94E7,4.38E7,4.2E7]	[105.0,117.0,124.0,126.0,103.0,108.0,105.0,91.0,102.0,131.0,111.0,120.0]	[0.0,0.0,0.0,0.0,0.0,0.0,0.0,0.0,0.0,0.0,0.0,0.0]	[0.00488]	[0.0]
18	1	-1	6	20	1	-1	0	2	1451192400	[0.0,0.0,0.0,0.0,0.0,0.0,0.0,0.0,0.0,0.0,0.0,0.0]	[31000.0,81000.0,0.0,0.0,23000.0,26000.0,26000.0,23000.0,428000.0,0.0,0.0,0.0]	[0.5,0.5,0.0,0.0,0.5,0.5,0.5,0.5,1.0,0.0,0.0,0.0]	[0.0,0.0,0.0,0.0,0.0,0.0,0.0,0.0,0.0,0.0,0.0,0.0]	[5.9E-6]	[0.0]
18	1	-1	1	21	1	-1	0	2	1451192400	[3.2E7,3.11E7,4.1E7,2.51E7,3.33E7,1.97E7,1.96E7,2.58E7,2.49E7,2.72E7,2.19E7,3.47E7]	[1.18E8,1.14E8,1.31E8,1.07E8,1.12E8,1.24E8,1.2E8,1.09E8,1.015E8,1.14E8,1.13E8,9.47E7]	[32.5,34.0,37.0,36.0,33.0,40.0,37.0,33.0,32.0,34.0,33.5,40.5]	[42000.0,41000.0,54000.0,33000.0,44000.0,26000.0,26000.0,34000.0,33000.0,36000.0,29000.0,46000.0]	[0.0126]	[0.00311]
18	1	-1	-1	9	1	-1	0	5	1451192400	[0.0,0.0,0.0,0.0,0.0,0.0,0.0,0.0,0.0,0.0,0.0,0.0]	[0.0,72000.0,65500.0,0.0,0.0,0.0,0.0,0.0,0.0,0.0,0.0,0.0]	[0.0,1.0,1.0,0.0,0.0,0.0,0.0,0.0,0.0,0.0,0.0,0.0]	[0.0,0.0,0.0,0.0,0.0,0.0,0.0,0.0,0.0,0.0,0.0,0.0]	[1.27E-6]	[0.0]
18	1	-1	-1	12772	1	-1	0	10	1451192400	[431000.0,165000.0,279000.0,267000.0,131000.0,364000.0,154000.0,126000.0,421000.0,296000.0,657000.0,514000.0]	[195000.0,63000.0,127000.0,248000.0,0.0,168000.0,134000.0,59000.0,0.0,122000.0,133000.0,144000.0]	[3000.0,1000.0,2000.0,4000.0,0.0,2000.0,2000.0,1000.0,0.0,2000.0,2000.0,2000.0]	[3000.0,1000.0,2000.0,2000.0,1000.0,2000.0,1000.0,1000.0,3000.0,2000.0,4000.0,2000.0]	[1.29E-5]	[3.52E-5]
18	1	-1	-1	60	1	-1	0	2	1451192400	[1880000.0,1400000.0,3920000.0,1280000.0,384000.0,2170000.0,2630000.0,166000.0,102000.0,1230000.0,212000.0,1730000.0]	[5640000.0,1.2E7,1.21E7,1.15E7,7300000.0,2.25E7,1.41E7,1490000.0,6290000.0,7020000.0,1.42E7,1.23E7]	[1004.0,5000.0,7000.0,3010.0,3010.0,13000.0,7000.0,3.0,2000.0,3000.0,9000.0,7000.0]	[5000.0,5000.0,11000.0,4000.0,3000.0,10000.0,8000.0,1000.0,1000.0,3000.0,2000.0,5000.0]	[0.00117]	[1.58E-4]
18	1	-1	10	21	1	-1	0	2	1451192400	[138000.0,233000.0,219000.0,145000.0,227000.0,0.0,62000.0,161000.0,0.0,0.0,182000.0,67000.0]	[911000.0,490000.0,348000.0,1390000.0,742000.0,573000.0,544000.0,1050000.0,857000.0,650000.0,751000.0,1190000.0]	[12.5,8.0,6.0,15.0,11.0,9.0,7.5,13.0,12.0,10.0,11.0,10.0]	[2000.0,3000.0,3000.0,2000.0,3000.0,0.0,1000.0,2000.0,0.0,0.0,3000.0,1000.0]	[8.79E-5]	[1.33E-5]
18	1	-1	-1	11	1	-1	0	2	1451192400	[5500000.0,6530000.0,9130000.0,4090000.0,3130000.0,5070000.0,3670000.0,3490000.0,5620000.0,3910000.0,5130000.0,8560000.0]	[4.25E7,3.85E7,2.68E7,3.26E7,3.89E7,4.55E7,6.86E7,4.68E7,5.2E7,4.55E7,4.38E7,3.86E7]	[25000.0,23000.0,17000.0,16000.0,22000.0,25000.0,42000.0,29000.0,32000.0,24000.0,23000.0,25000.0]	[23000.0,20000.0,20000.0,13000.0,13000.0,21000.0,28000.0,25000.0,21000.0,19000.0,20000.0,30000.0]	[0.00482]	[5.91E-4]
18	1	-1	-1	27	1	-1	0	7	1451192400	[4.31E7,4.63E7,5.77E7,4.16E7,4.47E7,4.58E7,4.62E7,3.41E7,4.94E7,4.62E7,3.83E7,4.48E7]	[2.15E7,2.27E7,2.34E7,2.24E7,2.75E7,2.7E7,3.29E7,2.1E7,3.03E7,1.67E7,1.66E7,2.58E7]	[41.5,42.0,39.0,40.0,39.5,39.0,42.5,41.0,47.0,41.0,42.5,37.5]	[37000.0,39000.0,48000.0,34000.0,37000.0,39000.0,38000.0,28000.0,42000.0,37000.0,30000.0,37000.0]	[0.00267]	[0.00498]
18	1	-1	22	31	1	-1	0	2	1451192400	[8880000.0,8990000.0,7400000.0,8210000.0,8380000.0,9250000.0,8560000.0,7750000.0,5880000.0,8830000.0,8460000.0,7590000.0]	[9950000.0,9740000.0,9470000.0,1.005E7,8680000.0,1.1E7,8420000.0,8220000.0,9840000.0,9880000.0,9820000.0,9320000.0]	[67000.0,64000.0,65000.0,61000.0,59000.0,68000.0,64000.0,60000.0,62000.0,64000.0,66000.0,61000.0]	[76000.0,76000.0,61000.0,70000.0,71000.0,81000.0,75000.0,69000.0,51000.0,74000.0,74000.0,66000.0]	[0.00106]	[9.09E-4]
18	1	-1	22	17	1	-1	0	2	1451192400	[243000.0,177000.0,348000.0,378000.0,0.0,0.0,166000.0,620000.0,0.0,0.0,0.0,195000.0]	[5200000.0,4300000.0,2990000.0,1.58E7,4830000.0,2.11E7,2.75E7,4.21E7,3.68E7,3.07E7,5.34E7,1.97E7]	[7000.0,4000.0,5000.0,18000.0,7000.0,25000.0,31000.0,40000.0,35000.0,32000.0,42000.0,27000.0]	[1000.0,1000.0,2000.0,2000.0,0.0,0.0,1000.0,3000.0,0.0,0.0,0.0,1000.0]	[0.00245]	[1.97E-5]
18	1	-1	22	38	1	-1	0	2	1451192400	[0.0,1320000.0,0.0,0.0,1270000.0,193000.0,1170000.0,0.0,461000.0,1160000.0,627000.0,1590000.0]	[1220000.0,0.0,0.0,1170000.0,0.0,0.0,1520000.0,0.0,0.0,0.0,2130000.0,0.0]	[1000.0,0.0,0.0,2000.0,0.0,0.0,3000.0,0.0,0.0,0.0,3000.0,0.0]	[0.0,2000.0,0.0,0.0,2000.0,1000.0,1000.0,0.0,1000.0,1000.0,2000.0,2000.0]	[5.59E-5]	[7.2E-5]
18	1	-1	16	76	1	-1	0	2	1451192400	[1.63000003E10,1.48999997E10,1.51000003E10,1.51000003E10,1.48999997E10,1.42000005E10,1.45999995E10,1.39000003E10,1.32E10,1.36E10,1.32E10,1.28999997E10]	[1.24000002E11,1.22999996E11,1.17000004E11,1.15000001E11,1.09999997E11,1.06999996E11,9.9499999E10,9.92E10,9.6199999E10,9.5400002E10,9.7900003E10,9.2100002E10]	[392000.0,387000.0,382000.0,387000.0,388000.0,405000.0,408000.0,385000.0,387000.0,396000.0,413000.0,394000.0]	[217000.0,214000.0,224000.0,211000.0,217000.0,213000.0,217000.0,214000.0,213000.0,211000.0,229000.0,214000.0]	[11.8]	[1.59]
18	1	-1	16	6	1	-1	0	2	1451192400	[7.3100001E9,7.0300001E9,7.68E9,7.28E9,7.4599997E9,7.16E9,7.9100001E9,7.4200003E9,5.8899999E9,5.88E9,4.5699999E9,4.5500001E9]	[5.6199997E9,6.0499999E9,5.2300001E9,5.9500001E9,5.3500001E9,4.7800003E9,4.5799997E9,4.6300001E9,5.08E9,4.18E9,3.63000013E9,3.23000013E9]	[6590000.0,6570000.0,5970000.0,5990000.0,5770000.0,5900000.0,6160000.0,5900000.0,5810000.0,5580000.0,5650000.0,5290000.0]	[930000.0,900000.0,931000.0,882000.0,889000.0,900000.0,878000.0,863000.0,867000.0,824000.0,828000.0,810000.0]	[0.54]	[0.742]
18	1	-1	16	27	1	-1	0	2	1451192400	[1.43E9,1.17E9,1.07E9,1.27E9,1.15E9,1.15E9,1.21E9,1.16E9,1.12E9,1.09E9,1.12E9,8.51E8]	[1.01499996E10,1.12999997E10,1.08E10,1.01400003E10,1.12E10,9.9300004E9,9.68E9,1.00699996E10,9.9000003E9,1.016E10,1.11000003E10,9.7799997E9]	[291000.0,298000.0,288000.0,265000.0,274000.0,266000.0,279000.0,281000.0,277000.0,275000.0,326000.0,263000.0]	[73500.0,78500.0,74500.0,70000.0,71000.0,74500.0,71500.0,76500.0,74000.0,72000.0,78000.0,73000.0]	[1.15]	[0.128]
18	1	-1	-1	53	1	-1	0	5	1451192400	[0.0,0.0,0.0,0.0,0.0,0.0,0.0,0.0,0.0,0.0,0.0,0.0]	[0.0,0.0,0.0,140000.0,286000.0,168000.0,221000.0,375000.0,124000.0,0.0,0.0,0.0]	[0.0,0.0,0.0,0.5,1.5,0.5,1.0,0.5,0.5,0.0,0.0,0.0]	[0.0,0.0,0.0,0.0,0.0,0.0,0.0,0.0,0.0,0.0,0.0,0.0]	[1.22E-5]	[0.0]
18	1	-1	-1	48	1	-1	0	10	1451192400	[0.0,0.0,0.0,0.0,0.0,0.0,0.0,0.0,0.0,0.0,337000.0,0.0]	[0.0,0.0,925000.0,0.0,0.0,0.0,0.0,0.0,0.0,0.0,0.0,0.0]	[0.0,0.0,1000.0,0.0,0.0,0.0,0.0,0.0,0.0,0.0,0.0,0.0]	[0.0,0.0,0.0,0.0,0.0,0.0,0.0,0.0,0.0,0.0,1000.0,0.0]	[8.56E-6]	[3.12E-6]
18	1	-1	-1	69	1	-1	0	2	1451192400	[0.0,116000.0,56000.0,42000.0,294000.0,0.0,126000.0,84000.0,0.0,636000.0,172000.0,0.0]	[220000.0,612000.0,612000.0,268000.0,800000.0,644000.0,416000.0,808000.0,392000.0,752000.0,620000.0,816000.0]	[1.0,2.0,2.0,2.0,2.0,2.0,1.5,2.5,1.0,1.0,2.0,2.5]	[0.0,1000.0,1000.0,1000.0,7000.0,0.0,3000.0,2000.0,0.0,6000.0,2000.0,0.0]	[6.44E-5]	[1.41E-5]
18	1	-1	6	15	1	-1	0	2	1451192400	[0.0,0.0,0.0,0.0,0.0,0.0,0.0,0.0,0.0,0.0,0.0,0.0]	[0.0,0.0,0.0,270000.0,0.0,0.0,0.0,0.0,0.0,0.0,0.0,0.0]	[0.0,0.0,0.0,0.25,0.0,0.0,0.0,0.0,0.0,0.0,0.0,0.0]	[0.0,0.0,0.0,0.0,0.0,0.0,0.0,0.0,0.0,0.0,0.0,0.0]	[2.5E-6]	[0.0]
18	1	-1	-1	39	1	-1	0	5	1451192400	[0.0,0.0,0.0,0.0,0.0,0.0,0.0,0.0,0.0,0.0,0.0,0.0]	[1720000.0,148000.0,222000.0,0.0,0.0,0.0,0.0,274000.0,0.0,58000.0,58000.0,0.0]	[1.5,0.5,1.5,0.0,0.0,0.0,0.0,0.5,0.0,0.5,0.5,0.0]	[0.0,0.0,0.0,0.0,0.0,0.0,0.0,0.0,0.0,0.0,0.0,0.0]	[2.29E-5]	[0.0]
18	1	-1	-1	4	1	-1	0	5	1451192400	[0.0,0.0,0.0,0.0,0.0,0.0,0.0,0.0,0.0,0.0,0.0,0.0]	[2440000.0,0.0,0.0,695000.0,0.0,118000.0,430000.0,333000.0,2130000.0,182000.0,204000.0,0.0]	[3.5,0.0,0.0,1.5,0.0,1.0,1.0,0.5,1.5,1.0,0.5,0.0]	[0.0,0.0,0.0,0.0,0.0,0.0,0.0,0.0,0.0,0.0,0.0,0.0]	[6.04E-5]	[0.0]
18	1	-1	-1	15	1	-1	0	7	1451192400	[46000.0,2980000.0,43000.0,47000.0,0.0,131000.0,88000.0,44000.0,92000.0,92000.0,91000.0,47000.0]	[6.6E7,7.36E7,8.11E7,8.46E7,8.37E7,7.17E7,7.34E7,7.9E7,7.53E7,7.73E7,8.07E7,6.66E7]	[2.5,5.5,3.0,2.5,2.5,3.0,2.5,2.5,2.5,3.0,2.5,2.5]	[1000.0,2000.0,1000.0,1000.0,0.0,3000.0,2000.0,1000.0,2000.0,2000.0,2000.0,1000.0]	[0.00845]	[3.43E-5]
18	1	-1	-1	20	1	-1	0	10	1451192400	[316000.0,134000.0,0.0,0.0,134000.0,0.0,134000.0,0.0,0.0,0.0,0.0,134000.0]	[0.0,0.0,0.0,0.0,0.0,59000.0,0.0,0.0,59000.0,66000.0,0.0,59000.0]	[0.0,0.0,0.0,0.0,0.0,1000.0,0.0,0.0,1000.0,1000.0,0.0,1000.0]	[1000.0,1000.0,0.0,0.0,1000.0,0.0,1000.0,0.0,0.0,0.0,0.0,1000.0]	[2.25E-6]	[7.89E-6]
18	1	-1	-1	25	1	-1	0	5	1451192400	[0.0,0.0,0.0,0.0,0.0,0.0,0.0,0.0,0.0,0.0,0.0,0.0]	[908000.0,1080000.0,0.0,0.0,906000.0,953000.0,3980000.0,1110000.0,0.0,0.0,0.0,118000.0]	[2.5,1.5,0.0,0.0,1.5,1.5,4.0,0.5,0.0,0.0,0.0,0.5]	[0.0,0.0,0.0,0.0,0.0,0.0,0.0,0.0,0.0,0.0,0.0,0.0]	[8.39E-5]	[0.0]
18	1	-1	-1	1	1	-1	0	7	1451192400	[0.0,0.0,0.0,0.0,0.0,0.0,0.0,92000.0,0.0,92000.0,0.0,0.0]	[0.0,78000.0,0.0,0.0,0.0,0.0,0.0,78000.0,78000.0,78000.0,78000.0,0.0]	[0.0,0.5,0.0,0.0,0.0,0.0,0.0,0.5,0.5,0.5,0.5,0.0]	[0.0,0.0,0.0,0.0,0.0,0.0,0.0,1000.0,0.0,1000.0,0.0,0.0]	[3.61E-6]	[1.7E-6]
18	1	-1	-1	6	1	-1	0	2	1451192400	[3.21999995E10,3.4600002E10,2.97999995E10,2.8E10,2.2000001E10,2.69000008E10,2.32999997E10,2.15000003E10,2.18999992E10,1.74000005E10,2.26999992E10,1.91000003E10]	[1.64E10,1.90000005E10,1.64999997E10,1.40999997E10,9.4299996E9,1.24E10,1.18000005E10,1.10000005E10,1.44E10,8.3299999E9,1.10000005E10,9.6300001E9]	[984000.0,999000.0,1040000.0,946000.0,937000.0,989000.0,892000.0,928000.0,946000.0,883000.0,908000.0,828000.0]	[1190000.0,1230000.0,1250000.0,1160000.0,1150000.0,1190000.0,1012000.0,1090000.0,1120000.0,1090000.0,1060000.0,1017000.0]	[1.43]	[2.77]
18	1	-1	14	24	1	-1	0	2	1451192400	[0.0,0.0,0.0,0.0,0.0,0.0,0.0,0.0,0.0,0.0,0.0,0.0]	[4.2E8,4.23E8,4.09E8,4.4E8,4.04E8,3.75E8,3.79E8,3.75E8,3.88E8,3.88E8,3.87E8,3.89E8]	[30.5,29.0,29.0,29.5,31.5,29.0,25.5,35.5,29.5,29.0,26.5,30.5]	[0.0,0.0,0.0,0.0,0.0,0.0,0.0,0.0,0.0,0.0,0.0,0.0]	[0.0442]	[0.0]
18	1	-1	-1	27	1	-1	0	2	1451192400	[2.79000013E9,2.74E9,2.82E9,2.72E9,2.71000013E9,2.7E9,2.68E9,2.63000013E9,2.55000013E9,2.64E9,2.56E9,2.59000013E9]	[2.10999992E10,2.06000005E10,2.2000001E10,2.08E10,2.13000008E10,2.08E10,1.98000005E10,1.98000005E10,1.97000008E10,2.00999997E10,1.92999997E10,1.93999995E10]	[69500.0,70500.0,69500.0,70000.0,72000.0,66500.0,63000.0,71500.0,76500.0,66400.0,83000.0,62500.0]	[386000.0,358000.0,388000.0,381000.0,363000.0,350000.0,354000.0,342000.0,337000.0,341000.0,384000.0,362000.0]	[2.27]	[0.298]
18	1	-1	-1	114	1	-1	0	3	1451192400	[0.0,0.0,0.0,0.0,0.0,0.0,0.0,0.0,0.0,0.0,0.0,0.0]	[278000.0,297000.0,199000.0,218000.0,60000.0,60000.0,139000.0,240000.0,218000.0,218000.0,278000.0,0.0]	[4.0,4.0,3.0,3.0,1.0,1.0,2.0,4.0,3.0,2.0,3.0,0.0]	[0.0,0.0,0.0,0.0,0.0,0.0,0.0,0.0,0.0,0.0,0.0,0.0]	[2.04E-5]	[0.0]
18	1	-1	16	50	1	-1	0	2	1451192400	[2.18E9,2.06E9,2.26E9,3.12E9,2.64E9,2.09E9,3.04E9,3.54E9,1.75E9,1.77E9,1.41E9,1.85E9]	[2.09E9,2.02E9,1.97E9,2.22E9,2.5E9,2.71000013E9,2.76E9,2.09E9,2.59000013E9,2.72999987E9,1.97E9,2.01E9]	[684000.0,675000.0,704000.0,698000.0,720000.0,702000.0,708000.0,656000.0,634000.0,615000.0,575000.0,567000.0]	[399000.0,370000.0,392000.0,365000.0,377000.0,386000.0,386000.0,362000.0,331000.0,351000.0,395000.0,365000.0]	[0.256]	[0.256]
18	1	-1	22	12	1	-1	0	2	1451192400	[2.15000013E9,2.2E9,2.16E9,2.07E9,2.1E9,1.98E9,2.07E9,1.97E9,1.9E9,1.8E9,1.98E9,2.04E9]	[1.12999997E10,1.16E10,1.16E10,1.05999995E10,1.08999997E10,9.7400003E9,9.7700004E9,9.8299996E9,9.36E9,9.8099999E9,8.5100001E9,9.0500004E9]	[38700.0,36700.0,37700.0,37600.0,41600.0,36600.0,38600.0,39600.0,36500.0,37500.0,46500.0,38600.0]	[2200000.0,2220000.0,2260000.0,2080000.0,2180000.0,2050000.0,2060000.0,2070000.0,2000000.0,1900000.0,2000000.0,1980000.0]	[1.13]	[0.226]
18	1	-1	16	1	1	-1	0	2	1451192400	[3.3E7,3.41E7,3.76E7,4.63E7,3.23E7,3.05E7,4.4E7,3.06E7,4.28E7,2.3E7,3.22E7,4.22E7]	[3.63E7,3.35E7,4.13E7,3.22E7,2.83E7,3.16E7,3.61E7,3.17E7,3.14E7,3.54E7,2.98E7,4.28E7]	[87000.0,86000.0,109000.0,102000.0,78000.0,79000.0,99000.0,83000.0,86000.0,83000.0,75000.0,98000.0]	[57000.0,67000.0,67000.0,66000.0,66000.0,59000.0,71000.0,61000.0,63000.0,57000.0,69000.0,72000.0]	[0.0038]	[0.00397]
18	1	-1	-1	48	1	-1	0	5	1451192400	[0.0,0.0,0.0,0.0,0.0,0.0,0.0,0.0,0.0,0.0,0.0,0.0]	[285000.0,1360000.0,1370000.0,1440000.0,3260000.0,1040000.0,882000.0,1520000.0,2560000.0,2450000.0,105000.0,282000.0]	[0.5,2.5,4.5,4.0,6.5,5.5,2.0,3.0,3.0,4.5,1.0,1.5]	[0.0,0.0,0.0,0.0,0.0,0.0,0.0,0.0,0.0,0.0,0.0,0.0]	[1.53E-4]	[0.0]
18	1	-1	-1	2	1	-1	0	3	1451192400	[0.0,0.0,0.0,599000.0,230000.0,536000.0,0.0,0.0,0.0,0.0,0.0,0.0]	[0.0,431000.0,150000.0,0.0,202000.0,222000.0,602000.0,112000.0,0.0,0.0,158000.0,0.0]	[0.0,1.0,0.5,0.0,0.5,0.5,1.0,0.5,0.0,0.0,0.5,0.0]	[0.0,0.0,0.0,1000.0,1000.0,1000.0,0.0,0.0,0.0,0.0,0.0,0.0]	[1.74E-5]	[1.26E-5]
18	1	-1	-1	13	1	-1	0	5	1451192400	[0.0,0.0,0.0,0.0,0.0,0.0,0.0,0.0,0.0,0.0,0.0,0.0]	[2.27E7,1.43E7,4.63E7,4.86E7,3.68E7,4.73E7,4.66E7,2.32E7,2.37E7,2.27E7,2.23E7,3.41E7]	[12.0,12.5,22.0,21.5,21.0,20.5,18.5,12.0,15.0,14.0,13.5,17.5]	[0.0,0.0,0.0,0.0,0.0,0.0,0.0,0.0,0.0,0.0,0.0,0.0]	[0.0036]	[0.0]
18	1	-1	5	12	1	-1	0	2	1451192400	[2.42000003E11,2.36000002E11,2.42000003E11,2.29000004E11,2.49999999E11,2.36999999E11,2.38999994E11,2.30000001E11,2.26999992E11,2.18999996E11,2.11000001E11,2.06999994E11]	[1.77E9,1.75E9,1.74E9,1.64E9,1.72E9,1.69E9,1.71E9,1.66E9,1.76E9,1.61E9,1.62E9,1.54E9]	[359.0,364.0,347.0,341.0,348.0,351.0,343.0,345.0,349.0,353.0,350.0,343.0]	[3.31E7,3.25E7,3.2E7,3.13E7,3.19E7,3.11E7,3.08E7,3.02E7,2.91E7,2.93E7,2.98E7,2.72E7]	[0.187]	[25.6]
18	1	-1	-1	50	1	-1	0	2	1451192400	[941000.0,236000.0,474000.0,0.0,0.0,234000.0,234000.0,126000.0,0.0,0.0,705000.0,99000.0]	[2070000.0,2790000.0,2250000.0,1840000.0,1260000.0,2410000.0,2110000.0,1110000.0,1220000.0,1200000.0,888000.0,2460000.0]	[7.5,9.5,6.5,5.5,4.0,8.5,7.0,4.5,6.0,6.5,4.0,7.0]	[4000.0,1000.0,2000.0,0.0,0.0,1000.0,1000.0,1000.0,0.0,0.0,3000.0,1000.0]	[2.0E-4]	[2.82E-5]
18	1	-1	-1	20	1	-1	0	5	1451192400	[0.0,0.0,0.0,0.0,0.0,0.0,0.0,0.0,0.0,0.0,0.0,0.0]	[6450000.0,3950000.0,4300000.0,3360000.0,1910000.0,3510000.0,2540000.0,5330000.0,1730000.0,2490000.0,987000.0,6240000.0]	[4.5,3.5,4.5,5.0,5.5,4.0,4.5,6.5,3.0,3.0,0.5,2.0]	[0.0,0.0,0.0,0.0,0.0,0.0,0.0,0.0,0.0,0.0,0.0,0.0]	[3.96E-4]	[0.0]
18	1	-1	-1	15	1	-1	0	2	1451192400	[236000.0,0.0,120000.0,0.0,118000.0,114000.0,0.0,0.0,0.0,118000.0,117000.0,0.0]	[110000.0,425000.0,161000.0,761000.0,158000.0,220000.0,241000.0,449000.0,416000.0,702000.0,620000.0,538000.0]	[0.5,1.5,1.0,2.75,1.25,0.75,1.25,1.75,1.5,1.5,2.0,2.25]	[1000.0,0.0,500.0,0.0,500.0,500.0,0.0,0.0,0.0,500.0,500.0,0.0]	[4.45E-5]	[7.61E-6]
18	1	-1	-1	10	1	-1	0	7	1451192400	[0.0,935000.0,938000.0,0.0,877000.0,0.0,1430000.0,0.0,1800000.0,1420000.0,88000.0,0.0]	[854000.0,104000.0,234000.0,906000.0,544000.0,880000.0,130000.0,472000.0,232000.0,2380000.0,286000.0,104000.0]	[2.0,1.0,2.5,2.5,3.5,2.0,1.5,2.5,1.5,3.0,2.5,2.0]	[0.0,1000.0,1000.0,0.0,1000.0,0.0,1000.0,0.0,2000.0,1000.0,1000.0,0.0]	[6.6E-5]	[6.94E-5]
18	1	-1	-1	31	1	-1	0	7	1451192400	[0.0,0.0,0.0,0.0,0.0,0.0,0.0,0.0,0.0,0.0,0.0,0.0]	[0.0,0.0,0.0,0.0,92000.0,0.0,0.0,0.0,0.0,0.0,0.0,0.0]	[0.0,0.0,0.0,0.0,0.5,0.0,0.0,0.0,0.0,0.0,0.0,0.0]	[0.0,0.0,0.0,0.0,0.0,0.0,0.0,0.0,0.0,0.0,0.0,0.0]	[8.52E-7]	[0.0]
18	1	-1	-1	36	1	-1	0	2	1451192400	[0.0,293000.0,0.0,0.0,200000.0,552000.0,84000.0,370000.0,0.0,0.0,0.0,0.0]	[42000.0,464000.0,176000.0,436000.0,268000.0,42000.0,134000.0,542000.0,268000.0,126000.0,248000.0,334000.0]	[0.5,2.0,1.0,2.5,0.5,0.5,0.5,2.0,0.5,1.5,1.5,1.5]	[0.0,1000.0,0.0,0.0,1000.0,3000.0,1000.0,2000.0,0.0,0.0,0.0,0.0]	[2.85E-5]	[1.39E-5]
18	1	-1	-1	1	1	-1	0	2	1451192400	[3900000.0,4920000.0,4660000.0,3830000.0,2880000.0,4390000.0,3260000.0,3130000.0,3610000.0,3070000.0,3190000.0,1650000.0]	[7.02E7,7.53E7,8.66E7,7.07E7,3.82E7,3.79E7,4.64E7,5.39E7,5.88E7,5.51E7,5.02E7,3.93E7]	[51000.0,53000.0,65000.0,49000.0,28000.0,33000.0,34000.0,40000.0,43000.0,40000.0,37000.0,29000.0]	[31000.0,30000.0,31000.0,27000.0,15000.0,14000.0,23000.0,22000.0,22000.0,21000.0,28000.0,16000.0]	[0.00632]	[3.93E-4]
18	1	-1	-1	22	1	-1	0	2	1451192400	[0.0,0.0,0.0,0.0,0.0,0.0,0.0,0.0,0.0,109000.0,0.0,0.0]	[72000.0,140000.0,0.0,72000.0,0.0,0.0,72000.0,2840000.0,896000.0,1370000.0,72000.0,72000.0]	[0.5,1000.0,0.0,0.5,0.0,0.0,0.5,2000.0,1000.0,1000.0,0.5,0.5]	[0.0,0.0,0.0,0.0,0.0,0.0,0.0,0.0,0.0,1000.0,0.0,0.0]	[5.2E-5]	[1.009E-6]
18	1	-1	22	21	1	-1	0	2	1451192400	[1.46E9,1.14E9,1.14E9,1.18E9,1.26E9,1.52E9,1.44E9,1.61E9,1.75E9,1.81E9,1.59E9,1.76E9]	[1.44999997E10,1.12999997E10,1.01799997E10,1.02200003E10,1.00900004E10,9.6999997E9,9.52E9,1.016E10,8.7000003E9,1.04999997E10,9.5800003E9,9.92E9]	[264000.0,261000.0,266000.0,231000.0,267000.0,266000.0,294000.0,263000.0,240000.0,241000.0,272000.0,228000.0]	[1740000.0,1560000.0,1530000.0,1410000.0,1420000.0,1430000.0,1390000.0,1300000.0,1130000.0,1280000.0,1140000.0,1030000.0]	[1.15]	[0.163]
18	1	-1	-1	71	1	-1	0	5	1451192400	[0.0,0.0,0.0,0.0,0.0,0.0,0.0,0.0,0.0,0.0,0.0,0.0]	[1220000.0,4370000.0,6850000.0,7140000.0,3270000.0,1820000.0,2740000.0,3550000.0,4580000.0,3940000.0,7300000.0,4710000.0]	[4.0,3.5,5.5,9.5,4.5,3.5,4.5,4.5,7.0,4.5,7.5,7.0]	[0.0,0.0,0.0,0.0,0.0,0.0,0.0,0.0,0.0,0.0,0.0,0.0]	[4.77E-4]	[0.0]
18	1	-1	22	7	1	-1	0	2	1451192400	[2820000.0,2470000.0,1600000.0,573000.0,1280000.0,4140000.0,473000.0,1170000.0,2090000.0,395000.0,164000.0,445000.0]	[224000.0,670000.0,1450000.0,125000.0,7500000.0,4790000.0,282000.0,216000.0,0.0,89000.0,121000.0,0.0]	[2000.0,4000.0,2000.0,1000.0,9000.0,5000.0,2000.0,2000.0,0.0,1000.0,1000.0,0.0]	[3000.0,5000.0,2000.0,5000.0,2000.0,8000.0,1000.0,3000.0,5000.0,2000.0,1000.0,1000.0]	[1.43E-4]	[1.63E-4]
18	1	-1	-1	57	1	-1	0	5	1451192400	[0.0,0.0,0.0,0.0,0.0,0.0,0.0,0.0,0.0,0.0,0.0,0.0]	[0.0,0.0,0.0,0.0,0.0,0.0,639000.0,21000.0,0.0,0.0,0.0,0.0]	[0.0,0.0,0.0,0.0,0.0,0.0,0.5,0.5,0.0,0.0,0.0,0.0]	[0.0,0.0,0.0,0.0,0.0,0.0,0.0,0.0,0.0,0.0,0.0,0.0]	[6.11E-6]	[0.0]
18	1	-1	16	31	1	-1	0	2	1451192400	[4.97E7,4.39E7,5.5E7,5.35E7,4.48E7,4.29E7,5.01E7,3.75E7,1.9E7,1.31E7,2.62E7,1.03E7]	[5.64E7,4.1E8,5.68E8,6.15E8,5.35E8,5.51E8,5.22E8,2.58E8,2.53E7,2.79E7,9.77E7,9740000.0]	[55000.0,65000.0,85000.0,85000.0,66000.0,61000.0,66000.0,61000.0,45000.0,41000.0,47000.0,30000.0]	[76000.0,78000.0,87000.0,92000.0,75000.0,71000.0,71000.0,72000.0,63000.0,50000.0,67000.0,47000.0]	[0.034]	[0.00413]
18	1	-1	-1	68	1	-1	0	7	1451192400	[2.65E7,4.09E7,3.78E7,3.77E7,3.35E7,2.19E7,2.81E7,3.24E7,2.19E7,2.52E7,3.45E7,3.13E7]	[4.57E7,5.26E7,4.53E7,4.12E7,5.28E7,5.3E7,4.03E7,5.37E7,4.55E7,4.52E7,4.7E7,3.87E7]	[35.5,39.0,37.0,36.0,34.5,35.0,36.0,38.5,36.5,38.0,34.5,32.5]	[25000.0,39000.0,36000.0,36000.0,32000.0,21000.0,27000.0,31000.0,21000.0,24000.0,33000.0,30000.0]	[0.00519]	[0.00344]
18	1	-1	-1	89	1	-1	0	7	1451192400	[0.0,0.0,0.0,88000.0,0.0,0.0,0.0,0.0,0.0,0.0,0.0,0.0]	[0.0,0.0,0.0,0.0,0.0,0.0,0.0,0.0,0.0,0.0,78000.0,0.0]	[0.0,0.0,0.0,0.0,0.0,0.0,0.0,0.0,0.0,0.0,0.5,0.0]	[0.0,0.0,0.0,1000.0,0.0,0.0,0.0,0.0,0.0,0.0,0.0,0.0]	[7.22E-7]	[8.15E-7]
18	1	-1	16	17	1	-1	0	2	1451192400	[1.76E7,1.68E7,2.01E7,1.25E7,1.12E7,1.09E7,8680000.0,1.29E7,1.24E7,9800000.0,2.07E7,1.13E7]	[4.37E7,2.5E7,2.31E7,2.44E7,2.89E7,2.09E7,2.71E7,3.34E7,3.5E7,2.51E7,3.33E7,3.17E7]	[90000.0,69000.0,64000.0,73000.0,80000.0,67000.0,73000.0,77000.0,84000.0,70000.0,80000.0,74000.0]	[70000.0,59000.0,68000.0,62000.0,53000.0,59000.0,48000.0,63000.0,56000.0,57000.0,68000.0,52000.0]	[0.00325]	[0.00153]
18	1	-1	1	20	1	-1	0	2	1451192400	[2.04E7,2.89E7,2.74E7,2.86E7,3.16E7,3.03E7,2.66E7,2.74E7,2.65E7,2.65E7,3.14E7,2.77E7]	[1.1E8,1.18E8,1.14E8,1.05E8,1.1E8,1.05E8,1.02E8,9.89E7,1.22E8,1.03E8,1.12E8,9.32E7]	[74.0,66.5,67.0,70.5,77.5,69.0,69.0,64.5,64.0,73.5,72.5,69.0]	[29000.0,41000.0,39000.0,41000.0,45000.0,43000.0,38000.0,39000.0,38000.0,38000.0,45000.0,40000.0]	[0.012]	[0.00308]
18	1	-1	22	20	1	-1	0	1	1451192400	[0.0,0.0,0.0,0.0,0.0,0.0,0.0,0.0,0.0,0.0,0.0,0.0]	[2780000.0,452000.0,1640000.0,3630000.0,4520000.0,6670000.0,7560000.0,2040000.0,735000.0,3400000.0,1610000.0,992000.0]	[6.0,2.0,14.0,10.0,17.0,16.0,16.0,11.0,5.0,18.0,9.0,6.0]	[0.0,0.0,0.0,0.0,0.0,0.0,0.0,0.0,0.0,0.0,0.0,0.0]	[3.34E-4]	[0.0]
18	1	-1	-1	3	1	-1	0	10	1451192400	[0.0,0.0,0.0,0.0,0.0,0.0,0.0,0.0,0.0,0.0,0.0,0.0]	[0.0,63000.0,0.0,113000.0,0.0,0.0,0.0,0.0,0.0,0.0,0.0,0.0]	[0.0,1000.0,0.0,1000.0,0.0,0.0,0.0,0.0,0.0,0.0,0.0,0.0]	[0.0,0.0,0.0,0.0,0.0,0.0,0.0,0.0,0.0,0.0,0.0,0.0]	[1.63E-6]	[0.0]
18	1	-1	10	20	1	-1	0	2	1451192400	[0.0,0.0,0.0,0.0,0.0,0.0,0.0,0.0,0.0,0.0,0.0,0.0]	[0.0,77000.0,21000.0,38500.0,21000.0,21000.0,80500.0,253000.0,21000.0,147000.0,21000.0,0.0]	[0.0,1.0,0.5,0.5,0.5,0.5,1.5,2.5,0.5,2.5,0.5,0.0]	[0.0,0.0,0.0,0.0,0.0,0.0,0.0,0.0,0.0,0.0,0.0,0.0]	[6.49E-6]	[0.0]
18	1	-1	22	6	1	-1	0	1	1451192400	[0.0,0.0,0.0,0.0,0.0,0.0,0.0,0.0,0.0,0.0,0.0,0.0]	[1.56E8,1.03E8,1.002E8,1.31E8,1.02E8,1.019E8,1.05E8,1.13E8,7.95E7,8.88E7,9.6E7,1.15E8]	[333.0,307.0,301.0,290.0,300.0,269.0,252.0,265.0,270.0,239.0,244.0,264.0]	[0.0,0.0,0.0,0.0,0.0,0.0,0.0,0.0,0.0,0.0,0.0,0.0]	[0.012]	[0.0]
18	1	-1	-1	45	1	-1	0	2	1451192400	[232000.0,256000.0,0.0,0.0,0.0,0.0,0.0,132000.0,0.0,0.0,232000.0,0.0]	[0.0,0.0,0.0,0.0,0.0,0.0,0.0,0.0,0.0,0.0,0.0,0.0]	[0.0,0.0,0.0,0.0,0.0,0.0,0.0,0.0,0.0,0.0,0.0,0.0]	[2000.0,2000.0,0.0,0.0,0.0,0.0,0.0,2000.0,0.0,0.0,2000.0,0.0]	[0.0]	[7.89E-6]
18	1	-1	-1	10	1	-1	0	2	1451192400	[1.98E7,2.02E7,1.77E7,1.95E7,2.31E7,2.09E7,2.11E7,1.97E7,1.96E7,2.08E7,2.14E7,1.99E7]	[1.96E8,1.54E8,1.65E8,1.74E8,1.69E8,1.5E8,1.75E8,1.7E8,1.8E8,1.92E8,1.8E8,1.66E8]	[31000.0,26000.0,17000.0,26000.0,29000.0,18000.0,37000.0,34000.0,31000.0,40000.0,30000.0,30000.0]	[71000.0,72000.0,58000.0,62000.0,84000.0,76000.0,79000.0,78000.0,79000.0,79000.0,82000.0,73000.0]	[0.0192]	[0.00226]
18	1	-1	4	9	1	-1	0	2	1451192400	[5.2099999E9,4.9500001E9,5.0499999E9,4.8899999E9,4.8499999E9,4.8099999E9,4.7500001E9,4.68E9,4.5500001E9,4.5900001E9,4.5500001E9,4.44E9]	[2.07E8,2.03E8,2.06E8,2.02E8,2.01E8,1.98E8,1.92E8,1.97E8,1.89E8,1.85E8,1.87E8,1.85E8]	[2170.0,2100.0,2100.0,2100.0,2040.0,2050.0,2000.0,2040.0,1970.0,1920.0,1960.0,1910.0]	[4.67E7,4.48E7,4.58E7,4.44E7,4.41E7,4.4E7,4.34E7,4.28E7,4.17E7,4.21E7,4.2E7,4.09E7]	[0.0218]	[0.531]
18	1	-1	-1	107	1	-1	0	1	1451192400	[0.0,0.0,0.0,0.0,0.0,0.0,0.0,0.0,0.0,0.0,0.0,0.0]	[0.0,297000.0,79000.0,240000.0,0.0,316000.0,60000.0,139000.0,218000.0,120000.0,237000.0,139000.0]	[0.0,4.0,1.0,4.0,0.0,4.0,1.0,2.0,3.0,2.0,3.0,2.0]	[0.0,0.0,0.0,0.0,0.0,0.0,0.0,0.0,0.0,0.0,0.0,0.0]	[1.71E-5]	[0.0]
18	1	-1	22	65	1	-1	0	2	1451192400	[4.57E8,4.62E8,4.7E8,4.17E8,4.17E8,4.52E8,4.94E8,3.42E8,3.53E8,2.63E8,2.64E8,2.79E8]	[7.0200003E9,6.6899999E9,7.0899999E9,7.2700001E9,6.2200003E9,6.9400003E9,8.0E9,5.68E9,5.6300001E9,4.4999997E9,4.1E9,4.3399997E9]	[294000.0,328000.0,305000.0,270000.0,298000.0,301000.0,325000.0,258000.0,251000.0,214000.0,230000.0,217000.0]	[153000.0,153000.0,154000.0,157000.0,148000.0,149000.0,160000.0,152000.0,130000.0,139000.0,140000.0,138000.0]	[0.68]	[0.0432]
18	1	-1	16	68	1	-1	0	2	1451192400	[1.53E9,1.85E9,1.42E9,2.46E9,2.79000013E9,2.83000013E9,2.16999987E9,2.38E9,2.14E9,2.31000013E9,2.98E9,2.16E9]	[3.27E8,2.79E8,2.45E8,3.12E8,3.12E8,2.68E8,2.31E8,2.25E8,2.51E8,2.23E8,2.49E8,2.42E8]	[435000.0,401000.0,392000.0,436000.0,412000.0,405000.0,394000.0,362000.0,372000.0,423000.0,417000.0,388000.0]	[130000.0,129000.0,133000.0,158000.0,136000.0,156000.0,146000.0,123000.0,118000.0,139000.0,156000.0,136000.0]	[0.0293]	[0.25]
18	1	-1	22	30	1	-1	0	2	1451192400	[1.37E8,1.1E8,1.92E8,2.86E8,2.19E8,1.58E8,1.28E8,1.5E8,1.26E8,1.69E8,9.66E7,8.5E7]	[4.16999987E9,3.62E9,5.6E9,7.48E9,6.6899999E9,3.18E9,2.86E9,4.7800003E9,4.28999987E9,4.20999987E9,2.64999987E9,2.11E9]	[141000.0,125000.0,142000.0,189000.0,193000.0,175000.0,166000.0,147000.0,148000.0,167000.0,146000.0,93000.0]	[105000.0,94000.0,94000.0,106000.0,111000.0,123000.0,108000.0,119000.0,108000.0,104000.0,101000.0,69000.0]	[0.478]	[0.0172]
18	1	-1	22	2	1	-1	0	2	1451192400	[3.34E8,3.77E8,3.34E8,3.52E8,3.53E8,3.58E8,3.1E8,4.19E8,5.98E8,6.02E8,4.79E8,5.36E8]	[6.4499999E9,7.1800003E9,6.52E9,7.0200003E9,6.76E9,6.6700001E9,6.4199997E9,7.9800003E9,9.7299999E9,1.05999995E10,9.7900001E9,1.05999995E10]	[291000.0,290000.0,288000.0,284000.0,267000.0,307000.0,275000.0,286000.0,334000.0,324000.0,343000.0,293000.0]	[138000.0,136000.0,136000.0,140000.0,144000.0,139000.0,140000.0,137000.0,143000.0,147000.0,157000.0,147000.0]	[0.886]	[0.0468]
18	1	-1	1	43	1	-1	0	2	1451192400	[3290000.0,5390000.0,4650000.0,4040000.0,2320000.0,0.0,0.0,0.0,0.0,0.0,0.0,0.0]	[1.38E7,2.85E7,3.11E7,2.5E7,1.58E7,26000.0,66000.0,0.0,0.0,66000.0,0.0,0.0]	[4.5,8.5,9.5,8.5,6.0,0.5,0.5,0.0,0.0,0.5,0.0,0.0]	[7000.0,11000.0,9000.0,9000.0,5000.0,0.0,0.0,0.0,0.0,0.0,0.0,0.0]	[0.00106]	[1.82E-4]
18	1	-1	22	50	1	-1	0	1	1451192400	[0.0,0.0,0.0,0.0,0.0,0.0,0.0,0.0,0.0,0.0,0.0,0.0]	[0.0,0.0,0.0,0.0,0.0,0.0,0.0,0.0,0.0,88000.0,0.0,0.0]	[0.0,0.0,0.0,0.0,0.0,0.0,0.0,0.0,0.0,1.0,0.0,0.0]	[0.0,0.0,0.0,0.0,0.0,0.0,0.0,0.0,0.0,0.0,0.0,0.0]	[8.15E-7]	[0.0]
18	1	-1	-1	68	1	-1	0	2	1451192400	[4330000.0,3130000.0,2440000.0,3950000.0,2390000.0,3310000.0,1340000.0,2260000.0,1740000.0,4240000.0,3300000.0,2860000.0]	[3830000.0,2700000.0,4430000.0,3000000.0,2020000.0,2060000.0,2080000.0,1860000.0,2630000.0,1680000.0,2440000.0,1940000.0]	[9.0,8.5,9.0,9.0,6.0,7.5,7.5,7.5,5.5,8.5,4.5,4.5]	[16000.0,11000.0,9000.0,14000.0,8000.0,12000.0,5000.0,8000.0,6000.0,15000.0,12000.0,10000.0]	[2.84E-4]	[3.27E-4]
18	1	-1	-1	38	1	-1	0	5	1451192400	[0.0,0.0,0.0,0.0,0.0,0.0,0.0,0.0,0.0,0.0,0.0,0.0]	[3040000.0,1200000.0,1550000.0,1650000.0,1580000.0,1380000.0,2340000.0,1470000.0,4010000.0,1600000.0,806000.0,642000.0]	[5.5,5.0,4.0,4.0,2.5,4.5,5.0,3.5,5.0,3.0,2.0,3.0]	[0.0,0.0,0.0,0.0,0.0,0.0,0.0,0.0,0.0,0.0,0.0,0.0]	[1.97E-4]	[0.0]
18	1	-1	16	12	1	-1	0	2	1451192400	[2.87E8,2.9E8,2.77E8,2.59E8,2.66E8,2.58E8,2.73E8,2.74E8,2.61E8,2.68E8,2.82E8,2.69E8]	[1.82E9,1.82E9,1.79E9,1.75E9,1.81E9,1.76E9,1.75E9,1.68E9,1.66E9,1.68E9,1.74E9,1.66E9]	[171000.0,169000.0,161000.0,163000.0,167000.0,161000.0,166000.0,170000.0,164000.0,164000.0,200000.0,164000.0]	[81000.0,74000.0,76000.0,75000.0,83000.0,72000.0,75000.0,77000.0,82000.0,77000.0,100000.0,80000.0]	[0.194]	[0.0302]
18	1	-1	1	15	1	-1	0	2	1451192400	[203000.0,0.0,0.0,0.0,129000.0,0.0,0.0,0.0,0.0,0.0,0.0,0.0]	[4170000.0,0.0,0.0,219000.0,198000.0,0.0,0.0,0.0,0.0,0.0,0.0,0.0]	[1.75,0.0,0.0,0.5,0.25,0.0,0.0,0.0,0.0,0.0,0.0,0.0]	[500.0,0.0,0.0,0.0,500.0,0.0,0.0,0.0,0.0,0.0,0.0,0.0]	[4.25E-5]	[3.07E-6]
18	1	-1	-1	3	1	-1	0	5	1451192400	[0.0,0.0,0.0,0.0,0.0,0.0,0.0,0.0,0.0,0.0,0.0,0.0]	[60000.0,32000.0,91000.0,59500.0,30000.0,29500.0,115000.0,0.0,93500.0,30500.0,150000.0,28500.0]	[1.0,0.5,1.5,1.0,0.5,0.5,1.5,0.0,1.5,0.5,1.5,0.5]	[0.0,0.0,0.0,0.0,0.0,0.0,0.0,0.0,0.0,0.0,0.0,0.0]	[6.66E-6]	[0.0]
18	1	-1	-1	40	1	-1	0	2	1451192400	[0.0,610000.0,135000.0,569000.0,700000.0,1100000.0,1420000.0,610000.0,1021000.0,819000.0,294000.0,701000.0]	[3420000.0,5610000.0,1.14E7,1.34E7,1.14E7,9670000.0,2.29E7,1.56E7,1.81E7,1.36E7,1.08E7,4430000.0]	[3000.0,4000.0,9000.0,10000.0,10000.0,7000.0,18000.0,13000.0,14000.0,10000.0,8000.0,4000.0]	[0.0,4000.0,1000.0,4000.0,6000.0,7000.0,10000.0,5000.0,8000.0,5000.0,2000.0,5000.0]	[0.0013]	[7.38E-5]
18	1	-1	-1	35	1	-1	0	7	1451192400	[1.34E8,9.7E7,1.1E8,1.1E8,1.009E8,8.93E7,9.57E7,1.006E8,1.19E8,1.13E8,1.002E8,1.09E8]	[4.0E7,4.48E7,4.95E7,4.68E7,4.41E7,4.43E7,3.76E7,4.36E7,3.94E7,4.7E7,5.42E7,4.57E7]	[69.0,70.5,76.0,69.5,68.5,68.5,67.5,80.5,74.5,71.5,65.5,66.0]	[91000.0,60000.0,71000.0,73000.0,65000.0,54000.0,67000.0,72000.0,82000.0,78000.0,71000.0,76000.0]	[0.00497]	[0.0118]
18	1	-1	-1	5	1	-1	0	2	1451192400	[0.0,0.0,52000.0,0.0,0.0,0.0,0.0,0.0,0.0,0.0,0.0,0.0]	[0.0,0.0,0.0,0.0,0.0,0.0,0.0,0.0,0.0,0.0,0.0,0.0]	[0.0,0.0,0.0,0.0,0.0,0.0,0.0,0.0,0.0,0.0,0.0,0.0]	[0.0,0.0,1000.0,0.0,0.0,0.0,0.0,0.0,0.0,0.0,0.0,0.0]	[0.0]	[4.81E-7]
18	1	-1	-1	26	1	-1	0	2	1451192400	[0.0,0.0,0.0,0.0,0.0,0.0,0.0,0.0,0.0,0.0,0.0,0.0]	[0.0,0.0,0.0,0.0,0.0,0.0,0.0,0.0,72500.0,0.0,0.0,0.0]	[0.0,0.0,0.0,0.0,0.0,0.0,0.0,0.0,0.5,0.0,0.0,0.0]	[0.0,0.0,0.0,0.0,0.0,0.0,0.0,0.0,0.0,0.0,0.0,0.0]	[6.71E-7]	[0.0]
18	1	-1	-1	21	1	-1	0	7	1451192400	[1.67E8,1.63E8,1.62E8,1.36E8,1.36E8,1.51E8,1.51E8,1.47E8,1.47E8,1.35E8,1.46E8,1.32E8]	[1.06E8,9.87E7,9.84E7,8.17E7,8.22E7,7.84E7,9.15E7,9.99E7,9.06E7,7.73E7,7.75E7,9.31E7]	[95.0,91.5,98.5,92.5,88.5,82.5,91.5,99.5,110.0,100.5,96.0,95.5]	[114000.0,116000.0,113000.0,92000.0,95000.0,103000.0,107000.0,108000.0,101000.0,93000.0,101000.0,88000.0]	[0.00996]	[0.0164]
18	1	-1	22	60	1	-1	0	2	1451192400	[9.16E7,9.47E7,9.7E7,6.81E7,4.92E7,9.31E7,6.37E7,5.86E7,5.37E7,3.7E7,2.16E7,3.5E7]	[1.13E9,1.39E9,8.69E8,1.14E9,8.31E8,1.96E9,1.16E9,3.95E8,4.05E8,1.84E8,3.38E7,1.62E8]	[101000.0,109000.0,95000.0,104000.0,91000.0,107000.0,93000.0,82000.0,93000.0,98000.0,54000.0,84000.0]	[100000.0,98000.0,98000.0,94000.0,86000.0,93000.0,79000.0,81000.0,86000.0,77000.0,50000.0,80000.0]	[0.0895]	[0.00707]
18	1	-1	22	46	1	-1	0	2	1451192400	[0.0,82000.0,0.0,0.0,0.0,0.0,0.0,0.0,0.0,0.0,0.0,0.0]	[0.0,0.0,0.0,0.0,0.0,0.0,0.0,0.0,0.0,0.0,0.0,0.0]	[0.0,0.0,0.0,0.0,0.0,0.0,0.0,0.0,0.0,0.0,0.0,0.0]	[0.0,1000.0,0.0,0.0,0.0,0.0,0.0,0.0,0.0,0.0,0.0,0.0]	[0.0]	[7.59E-7]
18	1	-1	22	11	1	-1	0	2	1451192400	[1.81E8,1.87E8,2.14E8,2.39E8,2.08E8,2.4E8,2.29E8,2.49E8,1.95E8,2.86E8,3.03E8,2.66E8]	[2.44999987E9,2.59000013E9,2.72999987E9,2.88999987E9,2.9E9,3.16999987E9,2.6E9,3.32999987E9,2.63000013E9,2.6E9,3.64E9,3.83000013E9]	[196000.0,212000.0,215000.0,227000.0,192000.0,244000.0,249000.0,230000.0,225000.0,222000.0,281000.0,252000.0]	[113000.0,117000.0,120000.0,122000.0,125000.0,133000.0,120000.0,118000.0,115000.0,130000.0,148000.0,148000.0]	[0.327]	[0.0259]
18	1	-1	-1	75	1	-1	0	5	1451192400	[0.0,0.0,0.0,0.0,0.0,0.0,0.0,0.0,0.0,0.0,0.0,0.0]	[0.0,0.0,0.0,0.0,0.0,38500.0,0.0,0.0,0.0,0.0,0.0,0.0]	[0.0,0.0,0.0,0.0,0.0,0.5,0.0,0.0,0.0,0.0,0.0,0.0]	[0.0,0.0,0.0,0.0,0.0,0.0,0.0,0.0,0.0,0.0,0.0,0.0]	[3.56E-7]	[0.0]
18	1	-1	1	38	1	-1	0	2	1451192400	[0.0,0.0,0.0,0.0,0.0,0.0,0.0,0.0,0.0,0.0,0.0,0.0]	[0.0,0.0,0.0,0.0,0.0,0.0,72000.0,0.0,0.0,0.0,0.0,66000.0]	[0.0,0.0,0.0,0.0,0.0,0.0,0.5,0.0,0.0,0.0,0.0,0.5]	[0.0,0.0,0.0,0.0,0.0,0.0,0.0,0.0,0.0,0.0,0.0,0.0]	[1.28E-6]	[0.0]
18	1	-1	-1	61	1	-1	0	5	1451192400	[0.0,0.0,0.0,0.0,0.0,0.0,0.0,0.0,0.0,0.0,0.0,0.0]	[0.0,0.0,0.0,0.0,2860000.0,6530000.0,2780000.0,3260000.0,1150000.0,58000.0,3730000.0,7670000.0]	[0.0,0.0,0.0,0.0,1.5,3.0,1.5,2.0,1.5,0.5,3.5,6.5]	[0.0,0.0,0.0,0.0,0.0,0.0,0.0,0.0,0.0,0.0,0.0,0.0]	[2.6E-4]	[0.0]
18	1	-1	-1	107	1	-1	0	7	1451192400	[0.0,0.0,0.0,0.0,0.0,0.0,0.0,0.0,0.0,0.0,0.0,0.0]	[199000.0,79000.0,60000.0,139000.0,139000.0,237000.0,496000.0,0.0,139000.0,60000.0,0.0,199000.0]	[3.0,1.0,1.0,2.0,2.0,3.0,6.0,0.0,2.0,1.0,0.0,3.0]	[0.0,0.0,0.0,0.0,0.0,0.0,0.0,0.0,0.0,0.0,0.0,0.0]	[1.62E-5]	[0.0]
18	1	-1	1	24	1	-1	0	2	1451192400	[0.0,0.0,0.0,0.0,0.0,0.0,0.0,0.0,0.0,0.0,0.0,0.0]	[3080000.0,66000.0,0.0,66000.0,178000.0,130000.0,104000.0,0.0,130000.0,90000.0,90000.0,72000.0]	[4.0,0.5,0.0,0.5,1001.0,1001.0,1000.0,0.0,1001.0,0.5,0.5,0.5]	[0.0,0.0,0.0,0.0,0.0,0.0,0.0,0.0,0.0,0.0,0.0,0.0]	[3.71E-5]	[0.0]
18	1	-1	-1	47	1	-1	0	5	1451192400	[0.0,0.0,0.0,0.0,0.0,0.0,0.0,0.0,0.0,0.0,0.0,0.0]	[2760000.0,5500000.0,3920000.0,6580000.0,8030000.0,8000000.0,9220000.0,6700000.0,4930000.0,4630000.0,5800000.0,5000000.0]	[3.0,4.5,4.0,6.5,7.5,8.5,5.5,6.0,4.5,6.0,5.5,5.5]	[0.0,0.0,0.0,0.0,0.0,0.0,0.0,0.0,0.0,0.0,0.0,0.0]	[6.58E-4]	[0.0]
18	1	-1	-1	22	1	-1	0	3	1451192400	[408000.0,0.0,0.0,0.0,0.0,0.0,0.0,0.0,1018000.0,0.0,0.0,0.0]	[0.0,606000.0,616000.0,205000.0,201000.0,264000.0,0.0,152000.0,525000.0,466000.0,654000.0,0.0]	[0.0,1.0,1.5,0.5,0.5,0.5,0.0,0.5,1.0,1.0,1.5,0.0]	[1000.0,0.0,0.0,0.0,0.0,0.0,0.0,0.0,2000.0,0.0,0.0,0.0]	[3.41E-5]	[1.32E-5]
18	1	-1	-1	58	1	-1	0	7	1451192400	[1.44E7,1.05E7,7830000.0,9160000.0,9110000.0,1.18E7,6530000.0,7770000.0,1.3E7,7800000.0,1.04E7,8000000.0]	[1.09E7,1.04E7,1.04E7,9650000.0,8510000.0,8980000.0,9650000.0,5870000.0,8920000.0,9780000.0,9110000.0,8250000.0]	[3.0,3.5,2.5,3.5,4.0,2.5,2.5,3.5,3.5,3.0,4.0,2.5]	[11000.0,8000.0,6000.0,7000.0,7000.0,9000.0,5000.0,6000.0,10000.0,6000.0,8000.0,7000.0]	[0.001023]	[0.00108]
18	1	-1	6	9	1	-1	0	2	1451192400	[0.0,0.0,0.0,0.0,0.0,104000.0,0.0,743000.0,0.0,92000.0,0.0,761000.0]	[490000.0,533000.0,435000.0,897000.0,469000.0,81000.0,392000.0,1100000.0,0.0,512000.0,0.0,46000.0]	[1.5,2.0,1.0,2.5,1.5,0.5,1.5,1.5,0.0,1.5,0.0,1.0]	[0.0,0.0,0.0,0.0,0.0,1000.0,0.0,1000.0,0.0,1000.0,0.0,1000.0]	[4.59E-5]	[1.57E-5]
18	1	-1	-1	19	1	-1	0	5	1451192400	[0.0,0.0,0.0,0.0,0.0,0.0,0.0,0.0,0.0,0.0,0.0,0.0]	[1770000.0,3500000.0,629000.0,2400000.0,1150000.0,482000.0,0.0,9840000.0,5680000.0,864000.0,116000.0,182000.0]	[3.5,4.0,2.0,1.5,2.5,0.5,0.0,2.0,2.5,1.0,0.5,1.0]	[0.0,0.0,0.0,0.0,0.0,0.0,0.0,0.0,0.0,0.0,0.0,0.0]	[2.46E-4]	[0.0]
18	1	-1	-1	14	1	-1	0	2	1451192400	[0.0,0.0,0.0,116000.0,0.0,0.0,0.0,0.0,0.0,0.0,0.0,0.0]	[0.0,0.0,0.0,0.0,0.0,0.0,0.0,0.0,0.0,0.0,0.0,0.0]	[0.0,0.0,0.0,0.0,0.0,0.0,0.0,0.0,0.0,0.0,0.0,0.0]	[0.0,0.0,0.0,1000.0,0.0,0.0,0.0,0.0,0.0,0.0,0.0,0.0]	[0.0]	[1.07E-6]
18	1	-1	-1	35	1	-1	0	2	1451192400	[2.83E7,2.77E7,2.6E7,2.76E7,3.21E7,2.87E7,2.75E7,2.71E7,2.68E7,2.75E7,3.09E7,2.84E7]	[2.15E8,1.8E8,2.04E8,1.91E8,1.78E8,1.87E8,2.18E8,1.85E8,1.84E8,1.79E8,2.42E8,1.83E8]	[24000.0,24000.0,16000.0,16000.0,19000.0,21000.0,17000.0,31000.0,12000.0,22000.0,25000.0,19000.0]	[39000.0,32000.0,23000.0,26000.0,30000.0,36000.0,32000.0,31000.0,25000.0,30000.0,38000.0,35000.0]	[0.0217]	[0.00314]
18	1	-1	-1	21	1	-1	0	2	1451192400	[5800000.0,3010000.0,3260000.0,2950000.0,2710000.0,4230000.0,5040000.0,3640000.0,5840000.0,2940000.0,2360000.0,2300000.0]	[1.03E8,6.73E7,4.5E7,4.99E7,4.44E7,4.23E7,4.64E7,4.27E7,3.98E7,5.03E7,4.89E7,5.6E7]	[56000.0,48000.0,32000.0,41000.0,35000.0,33000.0,33000.0,30000.0,33000.0,35000.0,34000.0,41000.0]	[48000.0,23000.0,20000.0,21000.0,14000.0,24000.0,26000.0,15000.0,27000.0,23000.0,20000.0,18000.0]	[0.00589]	[4.08E-4]
18	1	-1	10	9	1	-1	0	1	1451192400	[0.0,0.0,0.0,0.0,0.0,0.0,0.0,0.0,0.0,0.0,0.0,0.0]	[8.51E7,8.28E7,8.19E7,8.04E7,8.6E7,8.11E7,8.26E7,8.31E7,7.89E7,7.63E7,7.94E7,7.68E7]	[178.0,180.0,179.0,182.0,181.0,179.0,188.0,179.0,181.0,173.0,188.0,180.0]	[0.0,0.0,0.0,0.0,0.0,0.0,0.0,0.0,0.0,0.0,0.0,0.0]	[0.00902]	[0.0]
18	1	-1	22	20	1	-1	0	2	1451192400	[7.97E7,7.08E7,9.29E7,7.18E7,8.8E7,7.58E7,6.93E7,9.38E7,8.44E7,9.03E7,6.23E7,6.5E7]	[3.15E7,3.11E7,4.04E7,3.35E7,3.41E7,3.39E7,7.83E7,2.38E7,1.65E7,1.3E7,1.09E7,9430000.0]	[38000.0,37000.0,38000.0,39000.0,34000.0,38000.0,39000.0,36000.0,36000.0,35000.0,35000.0,34000.0]	[78000.0,67000.0,85000.0,74000.0,79000.0,73000.0,74000.0,83000.0,76000.0,78000.0,54000.0,61000.0]	[0.0033]	[0.00874]
18	1	-1	-1	70	1	-1	0	5	1451192400	[0.0,0.0,0.0,0.0,0.0,0.0,0.0,0.0,0.0,0.0,0.0,0.0]	[206000.0,500000.0,0.0,194000.0,58000.0,276000.0,0.0,0.0,0.0,58000.0,58000.0,58000.0]	[1.0,0.5,0.0,1.0,0.5,0.5,0.0,0.0,0.0,0.5,0.5,0.5]	[0.0,0.0,0.0,0.0,0.0,0.0,0.0,0.0,0.0,0.0,0.0,0.0]	[1.3E-5]	[0.0]
18	1	-1	22	6	1	-1	0	2	1451192400	[7.9400002E10,7.8700003E10,7.7399998E10,7.5500003E10,7.5300004E10,7.1699997E10,6.4900002E10,6.1800002E10,6.4599998E10,6.7799998E10,6.3800001E10,6.41E10]	[5.8200003E9,6.1900001E9,7.0300001E9,6.7500001E9,5.5000003E9,7.6E9,8.4099999E9,9.1399997E9,9.68E9,8.3299999E9,8.2700001E9,8.7600005E9]	[4100000.0,3950000.0,4030000.0,3790000.0,3750000.0,3710000.0,3590000.0,3550000.0,3390000.0,3580000.0,3580000.0,3370000.0]	[3560000.0,3470000.0,3470000.0,3540000.0,3490000.0,3580000.0,3500000.0,3330000.0,3390000.0,3450000.0,3610000.0,3250000.0]	[0.847]	[7.82]
18	1	-1	-1	10	1	-1	0	3	1451192400	[672000.0,0.0,0.0,756000.0,609000.0,660000.0,0.0,0.0,268000.0,432000.0,1150000.0,0.0]	[0.0,624000.0,526000.0,1800000.0,248000.0,894000.0,149000.0,1050000.0,956000.0,1190000.0,956000.0,491000.0]	[0.0,1.5,1.0,3.0,1.0,2.5,0.5,2.0,1.5,1.5,2.5,1.0]	[1000.0,0.0,0.0,1000.0,1000.0,1000.0,0.0,0.0,1000.0,1000.0,2000.0,0.0]	[8.22E-5]	[4.21E-5]
18	1	-1	16	30	1	-1	0	2	1451192400	[2.2E7,2.06E7,2.87E7,3.32E7,2.52E7,2.66E7,2.67E7,2.58E7,2.43E7,3.75E7,3.21E7,2.83E7]	[2470000.0,7760000.0,5880000.0,5.62E7,4410000.0,3600000.0,3400000.0,6880000.0,5290000.0,6980000.0,4.69E7,2.25E7]	[20000.0,29000.0,28000.0,34000.0,19000.0,12000.0,23000.0,27000.0,24000.0,34000.0,55000.0,41000.0]	[28000.0,31000.0,32000.0,32000.0,35000.0,31000.0,31000.0,31000.0,32000.0,42000.0,60000.0,45000.0]	[0.00159]	[0.00307]
18	1	-1	-1	107	1	-1	0	2	1451192400	[0.0,0.0,0.0,0.0,0.0,0.0,0.0,0.0,0.0,0.0,0.0,0.0]	[60000.0,120000.0,218000.0,139000.0,180000.0,395000.0,139000.0,79000.0,79000.0,79000.0,79000.0,218000.0]	[1.0,2.0,3.0,2.0,3.0,5.0,2.0,1.0,1.0,1.0,1.0,3.0]	[0.0,0.0,0.0,0.0,0.0,0.0,0.0,0.0,0.0,0.0,0.0,0.0]	[1.65E-5]	[0.0]
spark-sql> Jan 14, 2016 9:13:55 AM INFO: parquet.filter2.compat.FilterCompat: Filtering using predicate: and(and(eq(sourcesiteid, 18), eq(sourcesitetypeid, 1)), eq(destsitetypeid, 1))
Jan 14, 2016 9:13:55 AM INFO: parquet.hadoop.ParquetInputFormat: Total input paths to process : 121
Jan 14, 2016 9:13:56 AM INFO: parquet.hadoop.ParquetInputFormat: Total input paths to process : 121
Jan 14, 2016 9:13:56 AM INFO: parquet.hadoop.ParquetFileReader: Initiating action with parallelism: 5
Jan 14, 2016 9:13:56 AM INFO: parquet.hadoop.ParquetFileReader: reading another 121 footers
Jan 14, 2016 9:13:56 AM INFO: parquet.hadoop.ParquetFileReader: Initiating action with parallelism: 5
